#Layer_Color=9474304
#
#Feature symbol names
#
$0 r5
$1 r6.6666

#
#Feature attribute names
#

#
#Layer features
#
A 1.195 0.3865745 1.195 0.3865745 1.175 0.3865745 1 P 0 N
L 0.04 1.765 0.06 1.745 0 P 0
L 0.04 1.765 0.06 1.785 0 P 0
L 0.06 1.745 0.08 1.765 0 P 0
L 0.06 1.785 0.08 1.765 0 P 0
L 0.0864174 0.0749212 0.1064174 0.0349212 0 P 0
L 0.0864174 0.0749212 0.1264174 0.0749212 0 P 0
L 0.0864174 0.4150787 0.1064174 0.3750787 0 P 0
L 0.0864174 0.4150787 0.1264174 0.4150787 0 P 0
L 0.1064174 0.0349212 0.1264174 0.0749212 0 P 0
L 0.1064174 0.3750787 0.1264174 0.4150787 0 P 0
L 0.115 0.778 0.135 0.758 0 P 0
L 0.115 0.778 0.135 0.798 0 P 0
L 0.13 1.765 0.15 1.745 0 P 0
L 0.13 1.765 0.15 1.785 0 P 0
L 0.135 0.758 0.155 0.778 0 P 0
L 0.135 0.798 0.155 0.778 0 P 0
L 0.135 1.24 0.135 1.28 0 P 0
L 0.135 1.24 0.175 1.24 0 P 0
L 0.135 1.28 0.175 1.28 0 P 0
L 0.143 1.248 0.143 1.272 0 P 0
L 0.143 1.248 0.167 1.248 0 P 0
L 0.143 1.272 0.167 1.272 0 P 0
L 0.144449 0.870425 0.144449 0.880425 0 P 0
L 0.144449 0.870425 0.154449 0.870425 0 P 0
L 0.144449 0.880425 0.154449 0.890425 0 P 0
L 0.144449 0.900425 0.144449 0.910425 0 P 0
L 0.144449 0.900425 0.154449 0.890425 0 P 0
L 0.144449 0.910425 0.154449 0.910425 0 P 0
L 0.144449 0.96885 0.144449 0.97885 0 P 0
L 0.144449 0.96885 0.154449 0.96885 0 P 0
L 0.144449 0.97885 0.154449 0.98885 0 P 0
L 0.144449 0.99885 0.144449 1.00885 0 P 0
L 0.144449 0.99885 0.154449 0.98885 0 P 0
L 0.144449 1.00885 0.154449 1.00885 0 P 0
L 0.144449 1.067275 0.144449 1.077275 0 P 0
L 0.144449 1.067275 0.154449 1.067275 0 P 0
L 0.144449 1.077275 0.154449 1.087275 0 P 0
L 0.144449 1.097275 0.144449 1.107275 0 P 0
L 0.144449 1.097275 0.154449 1.087275 0 P 0
L 0.144449 1.107275 0.154449 1.107275 0 P 0
L 0.145 1.321575 0.145 1.331575 0 P 0
L 0.145 1.321575 0.155 1.321575 0 P 0
L 0.145 1.331575 0.155 1.341575 0 P 0
L 0.145 1.351575 0.145 1.361575 0 P 0
L 0.145 1.351575 0.155 1.341575 0 P 0
L 0.145 1.361575 0.155 1.361575 0 P 0
L 0.145 1.42 0.145 1.43 0 P 0
L 0.145 1.42 0.155 1.42 0 P 0
L 0.145 1.43 0.155 1.44 0 P 0
L 0.145 1.45 0.145 1.46 0 P 0
L 0.145 1.45 0.155 1.44 0 P 0
L 0.145 1.46 0.155 1.46 0 P 0
L 0.145 1.518425 0.145 1.528425 0 P 0
L 0.145 1.518425 0.155 1.518425 0 P 0
L 0.145 1.528425 0.155 1.538425 0 P 0
L 0.145 1.548425 0.145 1.558425 0 P 0
L 0.145 1.548425 0.155 1.538425 0 P 0
L 0.145 1.558425 0.155 1.558425 0 P 0
L 0.15 0.798 0.17 0.778 0 P 0
L 0.15 0.798 0.17 0.818 0 P 0
L 0.15 1.745 0.17 1.765 0 P 0
L 0.15 1.785 0.17 1.765 0 P 0
L 0.154449 0.870425 0.164449 0.880425 0 P 0
L 0.154449 0.910425 0.164449 0.900425 0 P 0
L 0.154449 0.96885 0.164449 0.97885 0 P 0
L 0.154449 1.00885 0.164449 0.99885 0 P 0
L 0.154449 1.067275 0.164449 1.077275 0 P 0
L 0.154449 1.107275 0.164449 1.097275 0 P 0
L 0.155 1.321575 0.165 1.331575 0 P 0
L 0.155 1.361575 0.165 1.351575 0 P 0
L 0.155 1.42 0.165 1.43 0 P 0
L 0.155 1.46 0.165 1.45 0 P 0
L 0.155 1.518425 0.165 1.528425 0 P 0
L 0.155 1.558425 0.165 1.548425 0 P 0
L 0.164449 0.880425 0.174449 0.870425 0 P 0
L 0.164449 0.900425 0.174449 0.910425 0 P 0
L 0.164449 0.97885 0.174449 0.96885 0 P 0
L 0.164449 0.99885 0.174449 1.00885 0 P 0
L 0.164449 1.077275 0.174449 1.067275 0 P 0
L 0.164449 1.097275 0.174449 1.107275 0 P 0
L 0.165 1.331575 0.175 1.321575 0 P 0
L 0.165 1.351575 0.175 1.361575 0 P 0
L 0.165 1.43 0.175 1.42 0 P 0
L 0.165 1.45 0.175 1.46 0 P 0
L 0.165 1.528425 0.175 1.518425 0 P 0
L 0.165 1.548425 0.175 1.558425 0 P 0
L 0.167 1.248 0.167 1.272 0 P 0
L 0.17 0.778 0.19 0.798 0 P 0
L 0.17 0.818 0.19 0.798 0 P 0
L 0.174449 0.870425 0.184449 0.870425 0 P 0
L 0.174449 0.890425 0.184449 0.880425 0 P 0
L 0.174449 0.890425 0.184449 0.900425 0 P 0
L 0.174449 0.910425 0.184449 0.910425 0 P 0
L 0.174449 0.96885 0.184449 0.96885 0 P 0
L 0.174449 0.98885 0.184449 0.97885 0 P 0
L 0.174449 0.98885 0.184449 0.99885 0 P 0
L 0.174449 1.00885 0.184449 1.00885 0 P 0
L 0.174449 1.067275 0.184449 1.067275 0 P 0
L 0.174449 1.087275 0.184449 1.077275 0 P 0
L 0.174449 1.087275 0.184449 1.097275 0 P 0
L 0.174449 1.107275 0.184449 1.107275 0 P 0
L 0.175 1.24 0.175 1.28 0 P 0
L 0.175 1.321575 0.185 1.321575 0 P 0
L 0.175 1.341575 0.185 1.331575 0 P 0
L 0.175 1.341575 0.185 1.351575 0 P 0
L 0.175 1.361575 0.185 1.361575 0 P 0
L 0.175 1.42 0.185 1.42 0 P 0
L 0.175 1.44 0.185 1.43 0 P 0
L 0.175 1.44 0.185 1.45 0 P 0
L 0.175 1.46 0.185 1.46 0 P 0
L 0.175 1.518425 0.185 1.518425 0 P 0
L 0.175 1.538425 0.185 1.528425 0 P 0
L 0.175 1.538425 0.185 1.548425 0 P 0
L 0.175 1.558425 0.185 1.558425 0 P 0
L 0.18 1.21 0.18 1.25 0 P 0
L 0.18 1.21 0.22 1.21 0 P 0
L 0.18 1.25 0.22 1.25 0 P 0
L 0.184449 0.870425 0.184449 0.880425 0 P 0
L 0.184449 0.900425 0.184449 0.910425 0 P 0
L 0.184449 0.96885 0.184449 0.97885 0 P 0
L 0.184449 0.99885 0.184449 1.00885 0 P 0
L 0.184449 1.067275 0.184449 1.077275 0 P 0
L 0.184449 1.097275 0.184449 1.107275 0 P 0
L 0.185 1.321575 0.185 1.331575 0 P 0
L 0.185 1.351575 0.185 1.361575 0 P 0
L 0.185 1.42 0.185 1.43 0 P 0
L 0.185 1.45 0.185 1.46 0 P 0
L 0.185 1.518425 0.185 1.528425 0 P 0
L 0.185 1.548425 0.185 1.558425 0 P 0
L 0.188 1.218 0.188 1.242 0 P 0
L 0.188 1.218 0.212 1.218 0 P 0
L 0.188 1.242 0.212 1.242 0 P 0
L 0.212 1.218 0.212 1.242 0 P 0
L 0.215 0.095 0.235 0.075 0 P 0
L 0.215 0.095 0.235 0.115 0 P 0
L 0.215 1.08 0.235 1.06 0 P 0
L 0.215 1.08 0.235 1.1 0 P 0
L 0.22 0.995 0.24 0.975 0 P 0
L 0.22 0.995 0.24 1.015 0 P 0
L 0.22 1.135 0.24 1.115 0 P 0
L 0.22 1.135 0.24 1.155 0 P 0
L 0.22 1.21 0.22 1.25 0 P 0
L 0.22 1.765 0.24 1.745 0 P 0
L 0.22 1.765 0.24 1.785 0 P 0
L 0.2226552 0.240894 0.2426552 0.220894 0 P 0
L 0.2226552 0.240894 0.2426552 0.260894 0 P 0
L 0.225 0.16 0.245 0.14 0 P 0
L 0.225 0.16 0.245 0.18 0 P 0
L 0.225 0.215 0.245 0.195 0 P 0
L 0.225 0.215 0.245 0.235 0 P 0
L 0.225 0.5 0.235 0.52 0 P 0
L 0.225 0.5 0.245 0.51 0 P 0
L 0.225 0.54 0.235 0.52 0 P 0
L 0.225 0.54 0.245 0.53 0 P 0
L 0.235 0.075 0.255 0.095 0 P 0
L 0.235 0.115 0.255 0.095 0 P 0
L 0.235 0.275 0.255 0.255 0 P 0
L 0.235 0.275 0.255 0.295 0 P 0
L 0.235 1.06 0.255 1.08 0 P 0
L 0.235 1.1 0.255 1.08 0 P 0
L 0.24 0.975 0.26 0.995 0 P 0
L 0.24 1.015 0.26 0.995 0 P 0
L 0.24 1.115 0.26 1.135 0 P 0
L 0.24 1.155 0.26 1.135 0 P 0
L 0.24 1.745 0.26 1.765 0 P 0
L 0.24 1.785 0.26 1.765 0 P 0
L 0.2426552 0.220894 0.2626552 0.240894 0 P 0
L 0.2426552 0.260894 0.2626552 0.240894 0 P 0
L 0.245 0.14 0.265 0.16 0 P 0
L 0.245 0.18 0.265 0.16 0 P 0
L 0.245 0.195 0.265 0.215 0 P 0
L 0.245 0.235 0.265 0.215 0 P 0
L 0.245 0.51 0.265 0.5 0 P 0
L 0.245 0.53 0.265 0.54 0 P 0
L 0.255 0.255 0.275 0.275 0 P 0
L 0.255 0.295 0.275 0.275 0 P 0
L 0.255 0.52 0.265 0.5 0 P 0
L 0.255 0.52 0.265 0.54 0 P 0
L 0.2624016 0.3470472 0.2824016 0.3270472 0 P 0
L 0.2624016 0.3470472 0.2824016 0.3670472 0 P 0
L 0.27 0.83 0.27 0.87 0 P 0
L 0.27 0.83 0.31 0.83 0 P 0
L 0.27 0.87 0.31 0.87 0 P 0
L 0.278 0.838 0.278 0.862 0 P 0
L 0.278 0.838 0.302 0.838 0 P 0
L 0.278 0.862 0.302 0.862 0 P 0
L 0.2824016 0.3270472 0.3024016 0.3470472 0 P 0
L 0.2824016 0.3670472 0.3024016 0.3470472 0 P 0
L 0.297441 0.0449212 0.307441 0.0449212 0 P 0
L 0.297441 0.0449212 0.307441 0.0549212 0 P 0
L 0.297441 0.0649212 0.307441 0.0549212 0 P 0
L 0.297441 0.0649212 0.307441 0.0649212 0 P 0
L 0.297441 0.3850787 0.307441 0.3850787 0 P 0
L 0.297441 0.3850787 0.307441 0.3950787 0 P 0
L 0.297441 0.4050787 0.307441 0.3950787 0 P 0
L 0.297441 0.4050787 0.307441 0.4050787 0 P 0
L 0.302 0.838 0.302 0.862 0 P 0
L 0.307441 0.0449212 0.317441 0.0349212 0 P 0
L 0.307441 0.0649212 0.317441 0.0749212 0 P 0
L 0.307441 0.3850787 0.317441 0.3750787 0 P 0
L 0.307441 0.4050787 0.317441 0.4150787 0 P 0
L 0.31 0.83 0.31 0.87 0 P 0
L 0.317441 0.0349212 0.327441 0.0449212 0 P 0
L 0.317441 0.0749212 0.327441 0.0649212 0 P 0
L 0.317441 0.3750787 0.327441 0.3850787 0 P 0
L 0.317441 0.4150787 0.327441 0.4050787 0 P 0
L 0.327441 0.0449212 0.337441 0.0449212 0 P 0
L 0.327441 0.0549212 0.337441 0.0449212 0 P 0
L 0.327441 0.0549212 0.337441 0.0649212 0 P 0
L 0.327441 0.0649212 0.337441 0.0649212 0 P 0
L 0.327441 0.3850787 0.337441 0.3850787 0 P 0
L 0.327441 0.3950787 0.337441 0.3850787 0 P 0
L 0.327441 0.3950787 0.337441 0.4050787 0 P 0
L 0.327441 0.4050787 0.337441 0.4050787 0 P 0
L 0.3403482 0.28537 0.3603482 0.26537 0 P 0
L 0.3403482 0.28537 0.3603482 0.30537 0 P 0
L 0.345 0.11 0.365 0.09 0 P 0
L 0.345 0.11 0.365 0.13 0 P 0
L 0.345 0.165 0.365 0.145 0 P 0
L 0.345 0.165 0.365 0.185 0 P 0
L 0.345 0.345 0.365 0.325 0 P 0
L 0.345 0.345 0.365 0.365 0 P 0
L 0.3603482 0.26537 0.3803482 0.28537 0 P 0
L 0.3603482 0.30537 0.3803482 0.28537 0 P 0
L 0.365 0.09 0.385 0.11 0 P 0
L 0.365 0.13 0.385 0.11 0 P 0
L 0.365 0.145 0.385 0.165 0 P 0
L 0.365 0.185 0.385 0.165 0 P 0
L 0.365 0.212 0.385 0.192 0 P 0
L 0.365 0.212 0.385 0.232 0 P 0
L 0.365 0.238 0.385 0.218 0 P 0
L 0.365 0.238 0.385 0.258 0 P 0
L 0.365 0.325 0.385 0.345 0 P 0
L 0.365 0.365 0.385 0.345 0 P 0
L 0.385 0.192 0.405 0.212 0 P 0
L 0.385 0.218 0.405 0.238 0 P 0
L 0.385 0.232 0.405 0.212 0 P 0
L 0.385 0.258 0.405 0.238 0 P 0
L 0.4 1.3502048 0.4 1.3902048 0 P 0
L 0.4 1.3502048 0.44 1.3502048 0 P 0
L 0.4 1.3902048 0.44 1.3902048 0 P 0
L 0.408 1.3582048 0.408 1.3822048 0 P 0
L 0.408 1.3582048 0.432 1.3582048 0 P 0
L 0.408 1.3822048 0.432 1.3822048 0 P 0
L 0.41 0.075 0.43 0.055 0 P 0
L 0.41 0.075 0.43 0.095 0 P 0
L 0.4108144 0.8658144 0.4108144 0.9058144 0 P 0
L 0.4108144 0.8658144 0.4508144 0.8658144 0 P 0
L 0.4108144 0.9058144 0.4508144 0.9058144 0 P 0
L 0.415 1.045 0.415 1.085 0 P 0
L 0.415 1.045 0.455 1.045 0 P 0
L 0.415 1.085 0.455 1.085 0 P 0
L 0.4188144 0.8738144 0.4188144 0.8978144 0 P 0
L 0.4188144 0.8738144 0.4428144 0.8738144 0 P 0
L 0.4188144 0.8978144 0.4428144 0.8978144 0 P 0
L 0.42 0.73 0.42 0.77 0 P 0
L 0.42 0.73 0.46 0.73 0 P 0
L 0.42 0.77 0.42 0.81 0 P 0
L 0.42 0.77 0.46 0.77 0 P 0
L 0.42 0.77 0.46 0.77 0 P 0
L 0.42 0.81 0.46 0.81 0 P 0
L 0.4207842 0.6907842 0.4207842 0.7307842 0 P 0
L 0.4207842 0.6907842 0.4607842 0.6907842 0 P 0
L 0.4207842 0.7307842 0.4607842 0.7307842 0 P 0
L 0.423 1.053 0.423 1.077 0 P 0
L 0.423 1.053 0.447 1.053 0 P 0
L 0.423 1.077 0.447 1.077 0 P 0
L 0.428 0.738 0.428 0.762 0 P 0
L 0.428 0.738 0.452 0.738 0 P 0
L 0.428 0.762 0.452 0.762 0 P 0
L 0.428 0.778 0.428 0.802 0 P 0
L 0.428 0.778 0.452 0.778 0 P 0
L 0.428 0.802 0.452 0.802 0 P 0
L 0.4287842 0.6987842 0.4287842 0.7227842 0 P 0
L 0.4287842 0.6987842 0.4527842 0.6987842 0 P 0
L 0.4287842 0.7227842 0.4527842 0.7227842 0 P 0
L 0.43 0.055 0.45 0.075 0 P 0
L 0.43 0.095 0.45 0.075 0 P 0
L 0.432 1.3582048 0.432 1.3822048 0 P 0
L 0.435 1.385 0.455 1.365 0 P 0
L 0.435 1.385 0.455 1.405 0 P 0
L 0.44 1.3502048 0.44 1.3902048 0 P 0
L 0.4428144 0.8738144 0.4428144 0.8978144 0 P 0
L 0.447 1.053 0.447 1.077 0 P 0
L 0.45 0.855 0.47 0.835 0 P 0
L 0.45 0.855 0.47 0.875 0 P 0
L 0.45 0.93 0.47 0.91 0 P 0
L 0.45 0.93 0.47 0.95 0 P 0
L 0.4508144 0.8658144 0.4508144 0.9058144 0 P 0
L 0.452 0.738 0.452 0.762 0 P 0
L 0.452 0.778 0.452 0.802 0 P 0
L 0.4527842 0.6987842 0.4527842 0.7227842 0 P 0
L 0.455 1.045 0.455 1.085 0 P 0
L 0.455 1.365 0.475 1.385 0 P 0
L 0.455 1.405 0.475 1.385 0 P 0
L 0.46 0.365 0.48 0.345 0 P 0
L 0.46 0.365 0.48 0.385 0 P 0
L 0.46 0.73 0.46 0.77 0 P 0
L 0.46 0.77 0.46 0.81 0 P 0
L 0.46 1.045 0.46 1.085 0 P 0
L 0.46 1.045 0.5 1.045 0 P 0
L 0.46 1.085 0.5 1.085 0 P 0
L 0.4607842 0.6907842 0.4607842 0.7307842 0 P 0
L 0.468 1.053 0.468 1.077 0 P 0
L 0.468 1.053 0.492 1.053 0 P 0
L 0.468 1.077 0.492 1.077 0 P 0
L 0.47 0.835 0.49 0.855 0 P 0
L 0.47 0.875 0.49 0.855 0 P 0
L 0.47 0.91 0.49 0.93 0 P 0
L 0.47 0.95 0.49 0.93 0 P 0
L 0.475 0.4 0.495 0.38 0 P 0
L 0.475 0.4 0.495 0.42 0 P 0
L 0.48 0.345 0.5 0.365 0 P 0
L 0.48 0.385 0.5 0.365 0 P 0
L 0.492 1.053 0.492 1.077 0 P 0
L 0.495 0.38 0.515 0.4 0 P 0
L 0.495 0.42 0.515 0.4 0 P 0
L 0.5 1.045 0.5 1.085 0 P 0
L 0.515 1.045 0.515 1.085 0 P 0
L 0.515 1.045 0.555 1.045 0 P 0
L 0.515 1.085 0.555 1.085 0 P 0
L 0.52 1.21 0.54 1.19 0 P 0
L 0.52 1.21 0.54 1.23 0 P 0
L 0.523 1.053 0.523 1.077 0 P 0
L 0.523 1.053 0.547 1.053 0 P 0
L 0.523 1.077 0.547 1.077 0 P 0
L 0.525 0.875 0.525 0.915 0 P 0
L 0.525 0.875 0.565 0.875 0 P 0
L 0.525 0.915 0.565 0.915 0 P 0
L 0.533 0.883 0.533 0.907 0 P 0
L 0.533 0.883 0.557 0.883 0 P 0
L 0.533 0.907 0.557 0.907 0 P 0
L 0.535 0.7925197 0.535 0.8325197 0 P 0
L 0.535 0.7925197 0.575 0.7925197 0 P 0
L 0.535 0.8325197 0.575 0.8325197 0 P 0
L 0.54 1.19 0.56 1.21 0 P 0
L 0.54 1.23 0.56 1.21 0 P 0
L 0.543 0.8005197 0.543 0.8245197 0 P 0
L 0.543 0.8005197 0.567 0.8005197 0 P 0
L 0.543 0.8245197 0.567 0.8245197 0 P 0
L 0.547 1.053 0.547 1.077 0 P 0
L 0.555 1.045 0.555 1.085 0 P 0
L 0.557 0.883 0.557 0.907 0 P 0
L 0.5649731 1.3200269 0.5849731 1.3000269 0 P 0
L 0.5649731 1.3200269 0.5849731 1.3400269 0 P 0
L 0.565 0.875 0.565 0.915 0 P 0
L 0.567 0.8005197 0.567 0.8245197 0 P 0
L 0.575 0.7925197 0.575 0.8325197 0 P 0
L 0.5849731 1.3000269 0.6049731 1.3200269 0 P 0
L 0.5849731 1.3400269 0.6049731 1.3200269 0 P 0
L 0.593852 0.696148 0.613852 0.676148 0 P 0
L 0.593852 0.696148 0.613852 0.716148 0 P 0
L 0.593852 0.726148 0.613852 0.706148 0 P 0
L 0.593852 0.726148 0.613852 0.746148 0 P 0
L 0.593852 0.756148 0.613852 0.736148 0 P 0
L 0.593852 0.756148 0.613852 0.776148 0 P 0
L 0.61 0.965 0.63 0.945 0 P 0
L 0.61 0.965 0.63 0.985 0 P 0
L 0.613852 0.676148 0.633852 0.696148 0 P 0
L 0.613852 0.706148 0.633852 0.726148 0 P 0
L 0.613852 0.716148 0.633852 0.696148 0 P 0
L 0.613852 0.736148 0.633852 0.756148 0 P 0
L 0.613852 0.746148 0.633852 0.726148 0 P 0
L 0.613852 0.776148 0.633852 0.756148 0 P 0
L 0.63 0.945 0.65 0.965 0 P 0
L 0.63 0.985 0.65 0.965 0 P 0
L 0.648852 0.681148 0.668852 0.661148 0 P 0
L 0.648852 0.681148 0.668852 0.701148 0 P 0
L 0.65 0.605 0.67 0.585 0 P 0
L 0.65 0.605 0.67 0.625 0 P 0
L 0.665 0.4 0.685 0.38 0 P 0
L 0.665 0.4 0.685 0.42 0 P 0
L 0.668852 0.661148 0.688852 0.681148 0 P 0
L 0.668852 0.701148 0.688852 0.681148 0 P 0
L 0.67 0.585 0.69 0.605 0 P 0
L 0.67 0.625 0.69 0.605 0 P 0
L 0.67 0.97 0.69 0.95 0 P 0
L 0.67 0.97 0.69 0.99 0 P 0
L 0.685 0.38 0.705 0.4 0 P 0
L 0.685 0.42 0.705 0.4 0 P 0
L 0.685 0.4287632 0.705 0.4087632 0 P 0
L 0.685 0.4287632 0.705 0.4487632 0 P 0
L 0.69 0.95 0.71 0.97 0 P 0
L 0.69 0.99 0.71 0.97 0 P 0
L 0.7042236 1.2317467 0.7242236 1.2117467 0 P 0
L 0.7042236 1.2317467 0.7242236 1.2517467 0 P 0
L 0.705 0.4087632 0.725 0.4287632 0 P 0
L 0.705 0.4487632 0.725 0.4287632 0 P 0
L 0.722 1.32 0.742 1.3 0 P 0
L 0.722 1.32 0.742 1.34 0 P 0
L 0.7242236 1.2117467 0.7442236 1.2317467 0 P 0
L 0.7242236 1.2517467 0.7442236 1.2317467 0 P 0
L 0.7356299 0.6016929 0.7356299 0.6216929 0 P 0
L 0.7356299 0.6016929 0.7456299 0.6016929 0 P 0
L 0.7356299 0.6216929 0.7456299 0.6216929 0 P 0
L 0.7356299 0.645 0.7356299 0.665 0 P 0
L 0.7356299 0.645 0.7456299 0.645 0 P 0
L 0.7356299 0.665 0.7456299 0.665 0 P 0
L 0.7356299 0.6883071 0.7356299 0.7083071 0 P 0
L 0.7356299 0.6883071 0.7456299 0.6883071 0 P 0
L 0.7356299 0.7083071 0.7456299 0.7083071 0 P 0
L 0.742 1.3 0.762 1.32 0 P 0
L 0.742 1.34 0.762 1.32 0 P 0
L 0.7456299 0.5916929 0.7456299 0.6016929 0 P 0
L 0.7456299 0.5916929 0.7656299 0.5916929 0 P 0
L 0.7456299 0.6216929 0.7456299 0.6316929 0 P 0
L 0.7456299 0.6316929 0.7656299 0.6316929 0 P 0
L 0.7456299 0.635 0.7456299 0.645 0 P 0
L 0.7456299 0.635 0.7656299 0.635 0 P 0
L 0.7456299 0.665 0.7456299 0.675 0 P 0
L 0.7456299 0.675 0.7656299 0.675 0 P 0
L 0.7456299 0.6783071 0.7456299 0.6883071 0 P 0
L 0.7456299 0.6783071 0.7656299 0.6783071 0 P 0
L 0.7456299 0.7083071 0.7456299 0.7183071 0 P 0
L 0.7456299 0.7183071 0.7656299 0.7183071 0 P 0
L 0.76 1.1 0.78 1.08 0 P 0
L 0.76 1.1 0.78 1.12 0 P 0
L 0.76 1.375 0.78 1.355 0 P 0
L 0.76 1.375 0.78 1.395 0 P 0
L 0.7656299 0.5916929 0.7656299 0.6016929 0 P 0
L 0.7656299 0.6016929 0.7756299 0.6016929 0 P 0
L 0.7656299 0.6216929 0.7656299 0.6316929 0 P 0
L 0.7656299 0.6216929 0.7756299 0.6216929 0 P 0
L 0.7656299 0.635 0.7656299 0.645 0 P 0
L 0.7656299 0.645 0.7756299 0.645 0 P 0
L 0.7656299 0.665 0.7656299 0.675 0 P 0
L 0.7656299 0.665 0.7756299 0.665 0 P 0
L 0.7656299 0.6783071 0.7656299 0.6883071 0 P 0
L 0.7656299 0.6883071 0.7756299 0.6883071 0 P 0
L 0.7656299 0.7083071 0.7656299 0.7183071 0 P 0
L 0.7656299 0.7083071 0.7756299 0.7083071 0 P 0
L 0.7756299 0.6016929 0.7756299 0.6216929 0 P 0
L 0.7756299 0.645 0.7756299 0.665 0 P 0
L 0.7756299 0.6883071 0.7756299 0.7083071 0 P 0
L 0.778937 0.6016929 0.778937 0.6216929 0 P 0
L 0.778937 0.6016929 0.788937 0.6016929 0 P 0
L 0.778937 0.6216929 0.788937 0.6216929 0 P 0
L 0.778937 0.645 0.778937 0.665 0 P 0
L 0.778937 0.645 0.788937 0.645 0 P 0
L 0.778937 0.665 0.788937 0.665 0 P 0
L 0.778937 0.6883071 0.778937 0.7083071 0 P 0
L 0.778937 0.6883071 0.788937 0.6883071 0 P 0
L 0.778937 0.7083071 0.788937 0.7083071 0 P 0
L 0.78 1.08 0.8 1.1 0 P 0
L 0.78 1.12 0.8 1.1 0 P 0
L 0.78 1.355 0.8 1.375 0 P 0
L 0.78 1.395 0.8 1.375 0 P 0
L 0.783 0.8443761 0.783 0.8843761 0 P 0
L 0.783 0.8443761 0.823 0.8443761 0 P 0
L 0.783 0.8843761 0.823 0.8843761 0 P 0
L 0.788937 0.5916929 0.788937 0.6016929 0 P 0
L 0.788937 0.5916929 0.808937 0.5916929 0 P 0
L 0.788937 0.6216929 0.788937 0.6316929 0 P 0
L 0.788937 0.6316929 0.808937 0.6316929 0 P 0
L 0.788937 0.635 0.788937 0.645 0 P 0
L 0.788937 0.635 0.808937 0.635 0 P 0
L 0.788937 0.665 0.788937 0.675 0 P 0
L 0.788937 0.675 0.808937 0.675 0 P 0
L 0.788937 0.6783071 0.788937 0.6883071 0 P 0
L 0.788937 0.6783071 0.808937 0.6783071 0 P 0
L 0.788937 0.7083071 0.788937 0.7183071 0 P 0
L 0.788937 0.7183071 0.808937 0.7183071 0 P 0
L 0.791 0.8523761 0.791 0.8763761 0 P 0
L 0.791 0.8523761 0.815 0.8523761 0 P 0
L 0.791 0.8763761 0.815 0.8763761 0 P 0
L 0.795 1.205 0.815 1.185 0 P 0
L 0.795 1.205 0.815 1.225 0 P 0
L 0.798 1.06 0.818 1.04 0 P 0
L 0.798 1.06 0.818 1.08 0 P 0
L 0.798 1.2546851 0.818 1.2346851 0 P 0
L 0.798 1.2546851 0.818 1.2746851 0 P 0
L 0.808937 0.5916929 0.808937 0.6016929 0 P 0
L 0.808937 0.6016929 0.818937 0.6016929 0 P 0
L 0.808937 0.6216929 0.808937 0.6316929 0 P 0
L 0.808937 0.6216929 0.818937 0.6216929 0 P 0
L 0.808937 0.635 0.808937 0.645 0 P 0
L 0.808937 0.645 0.818937 0.645 0 P 0
L 0.808937 0.665 0.808937 0.675 0 P 0
L 0.808937 0.665 0.818937 0.665 0 P 0
L 0.808937 0.6783071 0.808937 0.6883071 0 P 0
L 0.808937 0.6883071 0.818937 0.6883071 0 P 0
L 0.808937 0.7083071 0.808937 0.7183071 0 P 0
L 0.808937 0.7083071 0.818937 0.7083071 0 P 0
L 0.815 0.8523761 0.815 0.8763761 0 P 0
L 0.815 1.185 0.835 1.205 0 P 0
L 0.815 1.225 0.835 1.205 0 P 0
L 0.818 1.04 0.838 1.06 0 P 0
L 0.818 1.08 0.838 1.06 0 P 0
L 0.818 1.2346851 0.838 1.2546851 0 P 0
L 0.818 1.2746851 0.838 1.2546851 0 P 0
L 0.818937 0.6016929 0.818937 0.6216929 0 P 0
L 0.818937 0.645 0.818937 0.665 0 P 0
L 0.818937 0.6883071 0.818937 0.7083071 0 P 0
L 0.823 0.8443761 0.823 0.8843761 0 P 0
L 0.825 1.015 0.845 0.995 0 P 0
L 0.825 1.015 0.845 1.035 0 P 0
L 0.835 0.44 0.855 0.42 0 P 0
L 0.835 0.44 0.855 0.46 0 P 0
L 0.84 0.84 0.84 0.88 0 P 0
L 0.84 0.84 0.88 0.84 0 P 0
L 0.84 0.88 0.88 0.88 0 P 0
L 0.845 0.995 0.865 1.015 0 P 0
L 0.845 1.035 0.865 1.015 0 P 0
L 0.848 0.848 0.848 0.872 0 P 0
L 0.848 0.848 0.872 0.848 0 P 0
L 0.848 0.872 0.872 0.872 0 P 0
L 0.855 0.42 0.875 0.44 0 P 0
L 0.855 0.46 0.875 0.44 0 P 0
L 0.8566178 1.3383822 0.8766178 1.3183822 0 P 0
L 0.8566178 1.3383822 0.8766178 1.3583822 0 P 0
L 0.86 1.12 0.88 1.1 0 P 0
L 0.86 1.12 0.88 1.14 0 P 0
L 0.872 0.848 0.872 0.872 0 P 0
L 0.8766178 1.3183822 0.8966178 1.3383822 0 P 0
L 0.8766178 1.3583822 0.8966178 1.3383822 0 P 0
L 0.88 0.84 0.88 0.88 0 P 0
L 0.88 1.1 0.9 1.12 0 P 0
L 0.88 1.14 0.9 1.12 0 P 0
L 0.905 0.91 0.925 0.89 0 P 0
L 0.905 0.91 0.925 0.93 0 P 0
L 0.91 0.745 0.93 0.725 0 P 0
L 0.91 0.745 0.93 0.765 0 P 0
L 0.915 0.62 0.935 0.6 0 P 0
L 0.915 0.62 0.935 0.64 0 P 0
L 0.925 0.89 0.945 0.91 0 P 0
L 0.925 0.93 0.945 0.91 0 P 0
L 0.93 0.725 0.95 0.745 0 P 0
L 0.93 0.765 0.95 0.745 0 P 0
L 0.935 0.6 0.955 0.62 0 P 0
L 0.935 0.64 0.955 0.62 0 P 0
L 0.97 0.9 0.99 0.88 0 P 0
L 0.97 0.9 0.99 0.92 0 P 0
L 0.975 0.28 0.995 0.26 0 P 0
L 0.975 0.28 0.995 0.3 0 P 0
L 0.99 0.88 1.01 0.9 0 P 0
L 0.99 0.92 1.01 0.9 0 P 0
L 0.995 0.26 1.015 0.28 0 P 0
L 0.995 0.3 1.015 0.28 0 P 0
L 1.04 0.675 1.05 0.695 0 P 0
L 1.04 0.675 1.06 0.685 0 P 0
L 1.04 0.715 1.05 0.695 0 P 0
L 1.04 0.715 1.06 0.705 0 P 0
L 1.045 1.765 1.065 1.745 0 P 0
L 1.045 1.765 1.065 1.785 0 P 0
L 1.06 0.685 1.08 0.675 0 P 0
L 1.06 0.705 1.08 0.715 0 P 0
L 1.065 1.745 1.085 1.765 0 P 0
L 1.065 1.785 1.085 1.765 0 P 0
L 1.07 0.695 1.08 0.675 0 P 0
L 1.07 0.695 1.08 0.715 0 P 0
L 1.11 0.870425 1.11 0.880425 0 P 0
L 1.11 0.870425 1.12 0.870425 0 P 0
L 1.11 0.880425 1.12 0.890425 0 P 0
L 1.11 0.900425 1.11 0.910425 0 P 0
L 1.11 0.900425 1.12 0.890425 0 P 0
L 1.11 0.910425 1.12 0.910425 0 P 0
L 1.11 0.96885 1.11 0.97885 0 P 0
L 1.11 0.96885 1.12 0.96885 0 P 0
L 1.11 0.97885 1.12 0.98885 0 P 0
L 1.11 0.99885 1.11 1.00885 0 P 0
L 1.11 0.99885 1.12 0.98885 0 P 0
L 1.11 1.00885 1.12 1.00885 0 P 0
L 1.11 1.067275 1.11 1.077275 0 P 0
L 1.11 1.067275 1.12 1.067275 0 P 0
L 1.11 1.077275 1.12 1.087275 0 P 0
L 1.11 1.097275 1.11 1.107275 0 P 0
L 1.11 1.097275 1.12 1.087275 0 P 0
L 1.11 1.107275 1.12 1.107275 0 P 0
L 1.115 1.321575 1.115 1.331575 0 P 0
L 1.115 1.321575 1.125 1.321575 0 P 0
L 1.115 1.331575 1.125 1.341575 0 P 0
L 1.115 1.351575 1.115 1.361575 0 P 0
L 1.115 1.351575 1.125 1.341575 0 P 0
L 1.115 1.361575 1.125 1.361575 0 P 0
L 1.115 1.42 1.115 1.43 0 P 0
L 1.115 1.42 1.125 1.42 0 P 0
L 1.115 1.43 1.125 1.44 0 P 0
L 1.115 1.45 1.115 1.46 0 P 0
L 1.115 1.45 1.125 1.44 0 P 0
L 1.115 1.46 1.125 1.46 0 P 0
L 1.115 1.518425 1.115 1.528425 0 P 0
L 1.115 1.518425 1.125 1.518425 0 P 0
L 1.115 1.528425 1.125 1.538425 0 P 0
L 1.115 1.548425 1.115 1.558425 0 P 0
L 1.115 1.548425 1.125 1.538425 0 P 0
L 1.115 1.558425 1.125 1.558425 0 P 0
L 1.12 0.870425 1.13 0.880425 0 P 0
L 1.12 0.910425 1.13 0.900425 0 P 0
L 1.12 0.96885 1.13 0.97885 0 P 0
L 1.12 1.00885 1.13 0.99885 0 P 0
L 1.12 1.067275 1.13 1.077275 0 P 0
L 1.12 1.107275 1.13 1.097275 0 P 0
L 1.125 1.321575 1.135 1.331575 0 P 0
L 1.125 1.361575 1.135 1.351575 0 P 0
L 1.125 1.42 1.135 1.43 0 P 0
L 1.125 1.46 1.135 1.45 0 P 0
L 1.125 1.518425 1.135 1.528425 0 P 0
L 1.125 1.558425 1.135 1.548425 0 P 0
L 1.13 0.880425 1.14 0.870425 0 P 0
L 1.13 0.900425 1.14 0.910425 0 P 0
L 1.13 0.97885 1.14 0.96885 0 P 0
L 1.13 0.99885 1.14 1.00885 0 P 0
L 1.13 1.077275 1.14 1.067275 0 P 0
L 1.13 1.097275 1.14 1.107275 0 P 0
L 1.135 1.331575 1.145 1.321575 0 P 0
L 1.135 1.351575 1.145 1.361575 0 P 0
L 1.135 1.43 1.145 1.42 0 P 0
L 1.135 1.45 1.145 1.46 0 P 0
L 1.135 1.528425 1.145 1.518425 0 P 0
L 1.135 1.548425 1.145 1.558425 0 P 0
L 1.135 1.765 1.155 1.745 0 P 0
L 1.135 1.765 1.155 1.785 0 P 0
L 1.14 0.870425 1.15 0.870425 0 P 0
L 1.14 0.890425 1.15 0.880425 0 P 0
L 1.14 0.890425 1.15 0.900425 0 P 0
L 1.14 0.910425 1.15 0.910425 0 P 0
L 1.14 0.96885 1.15 0.96885 0 P 0
L 1.14 0.98885 1.15 0.97885 0 P 0
L 1.14 0.98885 1.15 0.99885 0 P 0
L 1.14 1.00885 1.15 1.00885 0 P 0
L 1.14 1.067275 1.15 1.067275 0 P 0
L 1.14 1.087275 1.15 1.077275 0 P 0
L 1.14 1.087275 1.15 1.097275 0 P 0
L 1.14 1.107275 1.15 1.107275 0 P 0
L 1.145 1.321575 1.155 1.321575 0 P 0
L 1.145 1.341575 1.155 1.331575 0 P 0
L 1.145 1.341575 1.155 1.351575 0 P 0
L 1.145 1.361575 1.155 1.361575 0 P 0
L 1.145 1.42 1.155 1.42 0 P 0
L 1.145 1.44 1.155 1.43 0 P 0
L 1.145 1.44 1.155 1.45 0 P 0
L 1.145 1.46 1.155 1.46 0 P 0
L 1.145 1.518425 1.155 1.518425 0 P 0
L 1.145 1.538425 1.155 1.528425 0 P 0
L 1.145 1.538425 1.155 1.548425 0 P 0
L 1.145 1.558425 1.155 1.558425 0 P 0
L 1.15 0.870425 1.15 0.880425 0 P 0
L 1.15 0.900425 1.15 0.910425 0 P 0
L 1.15 0.96885 1.15 0.97885 0 P 0
L 1.15 0.99885 1.15 1.00885 0 P 0
L 1.15 1.067275 1.15 1.077275 0 P 0
L 1.15 1.097275 1.15 1.107275 0 P 0
L 1.155 0.465 1.155 0.505 0 P 0
L 1.155 0.465 1.195 0.465 0 P 0
L 1.155 0.505 1.195 0.505 0 P 0
L 1.155 0.563426 1.155 0.603426 0 P 0
L 1.155 0.563426 1.195 0.563426 0 P 0
L 1.155 0.603426 1.195 0.603426 0 P 0
L 1.155 1.321575 1.155 1.331575 0 P 0
L 1.155 1.351575 1.155 1.361575 0 P 0
L 1.155 1.42 1.155 1.43 0 P 0
L 1.155 1.45 1.155 1.46 0 P 0
L 1.155 1.518425 1.155 1.528425 0 P 0
L 1.155 1.548425 1.155 1.558425 0 P 0
L 1.155 1.745 1.175 1.765 0 P 0
L 1.155 1.785 1.175 1.765 0 P 0
L 1.195 0.465 1.195 0.505 0 P 0
L 1.195 0.563426 1.195 0.603426 0 P 0
L 1.22 0.06 1.24 0.04 0 P 0
L 1.22 0.06 1.24 0.08 0 P 0
L 1.22 0.401 1.24 0.381 0 P 0
L 1.22 0.401 1.24 0.421 0 P 0
L 1.22 0.742 1.24 0.722 0 P 0
L 1.22 0.742 1.24 0.762 0 P 0
L 1.22 1.083 1.24 1.063 0 P 0
L 1.22 1.083 1.24 1.103 0 P 0
L 1.22 1.424 1.24 1.404 0 P 0
L 1.22 1.424 1.24 1.444 0 P 0
L 1.22 1.765 1.24 1.745 0 P 0
L 1.22 1.765 1.24 1.785 0 P 0
L 1.24 0.04 1.26 0.06 0 P 0
L 1.24 0.08 1.26 0.06 0 P 0
L 1.24 0.381 1.26 0.401 0 P 0
L 1.24 0.421 1.26 0.401 0 P 0
L 1.24 0.722 1.26 0.742 0 P 0
L 1.24 0.762 1.26 0.742 0 P 0
L 1.24 1.063 1.26 1.083 0 P 0
L 1.24 1.103 1.26 1.083 0 P 0
L 1.24 1.404 1.26 1.424 0 P 0
L 1.24 1.444 1.26 1.424 0 P 0
L 1.24 1.745 1.26 1.765 0 P 0
L 1.24 1.785 1.26 1.765 0 P 0
