#Layer_Color=32768
#
#Feature symbol names
#
$0 r19.685
$1 r3.937
$2 r1.9685

#
#Feature attribute names
#

#
#Layer features
#
A 0.08584 0.848 0.08584 0.848 0.076 0.848 0 P 0 N
A 0.086391 1.29915 0.086391 1.29915 0.076551 1.29915 0 P 0 N
A 1.228289 1.1297 1.228289 1.1297 1.218449 1.1297 0 P 0 N
A 1.233289 1.58085 1.233289 1.58085 1.223449 1.58085 0 P 0 N
L 0.043504 0.594252 0.043504 0.6257481 2 P 0
L 0.043504 0.594252 0.1064961 0.594252 2 P 0
L 0.043504 0.6257481 0.1064961 0.6257481 2 P 0
L 0.0641733 0.61 0.0858268 0.61 2 P 0
L 0.075 0.5991733 0.075 0.6208268 2 P 0
L 0.1064961 0.594252 0.1064961 0.6257481 2 P 0
L 0.1833858 0.5938189 0.1833858 0.6961811 2 P 0
L 0.1833858 0.5938189 0.3566142 0.5938189 2 P 0
L 0.1833858 0.6938189 0.1833858 0.7961811 2 P 0
L 0.1833858 0.6938189 0.3566142 0.6938189 2 P 0
L 0.1833858 0.6961811 0.3566142 0.6961811 2 P 0
L 0.1833858 0.7961811 0.3566142 0.7961811 2 P 0
L 0.250315 0.645 0.2896851 0.645 1 P 0
L 0.250315 0.745 0.2896851 0.745 1 P 0
L 0.2625985 1.0603151 0.2625985 1.0996852 2 P 0
L 0.2625985 1.0603151 0.3374016 1.0603151 2 P 0
L 0.2625985 1.0996852 0.3374016 1.0996852 2 P 0
L 0.2636614 0.7963779 0.2636614 0.843622 2 P 0
L 0.2636614 0.7963779 0.3463385 0.7963779 2 P 0
L 0.2636614 0.843622 0.3463385 0.843622 2 P 0
L 0.2653151 1.1725984 0.2653151 1.2474015 2 P 0
L 0.2653151 1.1725984 0.3046852 1.1725984 2 P 0
L 0.2653151 1.2474015 0.3046852 1.2474015 2 P 0
L 0.2675985 1.1153151 0.2675985 1.1546852 2 P 0
L 0.2675985 1.1153151 0.3424016 1.1153151 2 P 0
L 0.2675985 1.1546852 0.3424016 1.1546852 2 P 0
L 0.27 0.625315 0.27 0.6646851 1 P 0
L 0.27 0.725315 0.27 0.7646851 1 P 0
L 0.2741734 1.21 0.2958269 1.21 2 P 0
L 0.2753148 0.8975985 0.2753148 0.9724016 2 P 0
L 0.2753148 0.8975985 0.3146849 0.8975985 2 P 0
L 0.2753148 0.9724016 0.3146849 0.9724016 2 P 0
L 0.2841731 0.935 0.3058266 0.935 2 P 0
L 0.2850001 1.1991732 0.2850001 1.2208267 2 P 0
L 0.2891733 1.0800001 0.3108268 1.0800001 2 P 0
L 0.2931889 0.8199999 0.316811 0.8199999 2 P 0
L 0.2941733 1.1350001 0.3158268 1.1350001 2 P 0
L 0.2949999 0.9241733 0.2949999 0.9458268 2 P 0
L 0.3 1.0691734 0.3 1.0908269 2 P 0
L 0.3046852 1.1725984 0.3046852 1.2474015 2 P 0
L 0.305 0.8081889 0.305 0.8318109 2 P 0
L 0.305 1.1241734 0.305 1.1458269 2 P 0
L 0.3146849 0.8975985 0.3146849 0.9724016 2 P 0
L 0.3254724 0.8959448 0.3254724 1.0140551 2 P 0
L 0.3254724 0.8959448 0.3845275 0.8959448 2 P 0
L 0.3254724 1.0140551 0.3845275 1.0140551 2 P 0
L 0.3362992 0.9549999 0.3737007 0.9549999 2 P 0
L 0.3374016 1.0603151 0.3374016 1.0996852 2 P 0
L 0.3424016 1.1153151 0.3424016 1.1546852 2 P 0
L 0.3463385 0.7963779 0.3463385 0.843622 2 P 0
L 0.355 0.9362991 0.355 0.9737007 2 P 0
L 0.3566142 0.5938189 0.3566142 0.6961811 2 P 0
L 0.3566142 0.6938189 0.3566142 0.7961811 2 P 0
L 0.3611418 0.4933858 0.3611418 0.8063779 2 P 0
L 0.3611418 0.4933858 0.6288583 0.4933858 2 P 0
L 0.3611418 0.8063779 0.6288583 0.8063779 2 P 0
L 0.3675985 1.3853151 0.3675985 1.4246852 2 P 0
L 0.3675985 1.3853151 0.4424016 1.3853151 2 P 0
L 0.3675985 1.4246852 0.4424016 1.4246852 2 P 0
L 0.3845275 0.8959448 0.3845275 1.0140551 2 P 0
L 0.3941733 1.4050001 0.4158268 1.4050001 2 P 0
L 0.3991338 0.8613385 0.3991338 1.0286614 2 P 0
L 0.3991338 0.8613385 0.5408661 0.8613385 2 P 0
L 0.3991338 1.0286614 0.5408661 1.0286614 2 P 0
L 0.4036614 0.2913779 0.4036614 0.338622 2 P 0
L 0.4036614 0.2913779 0.4863385 0.2913779 2 P 0
L 0.4036614 0.338622 0.4863385 0.338622 2 P 0
L 0.405 1.3941734 0.405 1.4158269 2 P 0
L 0.413504 0.249252 0.413504 0.2807481 2 P 0
L 0.413504 0.249252 0.4764961 0.249252 2 P 0
L 0.413504 0.2807481 0.4764961 0.2807481 2 P 0
L 0.4331889 0.3149999 0.456811 0.3149999 2 P 0
L 0.4341733 0.265 0.4558268 0.265 2 P 0
L 0.4403148 1.2825985 0.4403148 1.3574016 2 P 0
L 0.4403148 1.2825985 0.4796849 1.2825985 2 P 0
L 0.4403148 1.3574016 0.4796849 1.3574016 2 P 0
L 0.4424016 1.3853151 0.4424016 1.4246852 2 P 0
L 0.443504 0.059252 0.443504 0.0907481 2 P 0
L 0.443504 0.059252 0.5064961 0.059252 2 P 0
L 0.443504 0.0907481 0.5064961 0.0907481 2 P 0
L 0.445 0.2541733 0.445 0.2758268 2 P 0
L 0.445 0.3031889 0.445 0.3268109 2 P 0
L 0.4491731 1.32 0.4708266 1.32 2 P 0
L 0.4503149 0.945 0.489685 0.945 1 P 0
L 0.4599999 1.3091733 0.4599999 1.3308268 2 P 0
L 0.4641733 0.075 0.4858268 0.075 2 P 0
L 0.47 0.9253149 0.47 0.964685 1 P 0
L 0.475 0.0641733 0.475 0.0858268 2 P 0
L 0.475315 0.6498819 0.5146851 0.6498819 1 P 0
L 0.4764961 0.249252 0.4764961 0.2807481 2 P 0
L 0.4796849 1.2825985 0.4796849 1.3574016 2 P 0
L 0.4863385 0.2913779 0.4863385 0.338622 2 P 0
L 0.495 0.6301968 0.495 0.6695669 1 P 0
L 0.5064961 0.059252 0.5064961 0.0907481 2 P 0
L 0.5203148 1.2225985 0.5203148 1.2974016 2 P 0
L 0.5203148 1.2225985 0.5596849 1.2225985 2 P 0
L 0.5203148 1.2974016 0.5596849 1.2974016 2 P 0
L 0.5203151 1.1225984 0.5203151 1.1974015 2 P 0
L 0.5203151 1.1225984 0.5596852 1.1225984 2 P 0
L 0.5203151 1.1974015 0.5596852 1.1974015 2 P 0
L 0.5291731 1.26 0.5508266 1.26 2 P 0
L 0.5291734 1.16 0.5508269 1.16 2 P 0
L 0.5399999 1.2491733 0.5399999 1.2708268 2 P 0
L 0.5400001 1.1491732 0.5400001 1.1708267 2 P 0
L 0.5404725 0.9009449 0.5404725 1.0190552 2 P 0
L 0.5404725 0.9009449 0.5995276 0.9009449 2 P 0
L 0.5404725 1.0190552 0.5995276 1.0190552 2 P 0
L 0.5408661 0.8613385 0.5408661 1.0286614 2 P 0
L 0.5512993 0.9600001 0.5887008 0.9600001 2 P 0
L 0.5596849 1.2225985 0.5596849 1.2974016 2 P 0
L 0.5596852 1.1225984 0.5596852 1.1974015 2 P 0
L 0.57 0.9412993 0.57 0.9787009 2 P 0
L 0.5975985 1.2053151 0.5975985 1.2446852 2 P 0
L 0.5975985 1.2053151 0.6724016 1.2053151 2 P 0
L 0.5975985 1.2446852 0.6724016 1.2446852 2 P 0
L 0.5995276 0.9009449 0.5995276 1.0190552 2 P 0
L 0.6072835 0.990315 0.6072835 1.0296851 2 P 0
L 0.6072835 0.990315 0.6820866 0.990315 2 P 0
L 0.6072835 1.0296851 0.6820866 1.0296851 2 P 0
L 0.6241733 1.2250001 0.6458268 1.2250001 2 P 0
L 0.6244488 0.7647245 0.6244488 0.8552757 2 P 0
L 0.6244488 0.7647245 0.8055512 0.7647245 2 P 0
L 0.6244488 0.8552757 0.8055512 0.8552757 2 P 0
L 0.6288583 0.4933858 0.6288583 0.8063779 2 P 0
L 0.6316141 0.5447638 0.6316141 0.7652362 2 P 0
L 0.6316141 0.5447638 0.9229527 0.5447638 2 P 0
L 0.6316141 0.7652362 0.9229527 0.7652362 2 P 0
L 0.6338583 1.01 0.6555118 1.01 2 P 0
L 0.635 1.2141734 0.635 1.2358269 2 P 0
L 0.644685 0.9991733 0.644685 1.0208268 2 P 0
L 0.6724016 1.2053151 0.6724016 1.2446852 2 P 0
L 0.6820866 0.990315 0.6820866 1.0296851 2 P 0
L 0.695315 0.8100001 0.7346851 0.8100001 1 P 0
L 0.7003148 1.3325985 0.7003148 1.4074016 2 P 0
L 0.7003148 1.3325985 0.7396849 1.3325985 2 P 0
L 0.7003148 1.4074016 0.7396849 1.4074016 2 P 0
L 0.700315 1.2572835 0.700315 1.3320866 2 P 0
L 0.700315 1.2572835 0.7396851 1.2572835 2 P 0
L 0.700315 1.3320866 0.7396851 1.3320866 2 P 0
L 0.7053148 0.9525985 0.7053148 1.0274016 2 P 0
L 0.7053148 0.9525985 0.7446849 0.9525985 2 P 0
L 0.7053148 1.0274016 0.7446849 1.0274016 2 P 0
L 0.7091731 1.37 0.7308266 1.37 2 P 0
L 0.7091733 1.2946851 0.7308268 1.2946851 2 P 0
L 0.7103148 1.1275985 0.7103148 1.2024016 2 P 0
L 0.7103148 1.1275985 0.7496849 1.1275985 2 P 0
L 0.7103148 1.2024016 0.7496849 1.2024016 2 P 0
L 0.7141731 0.99 0.7358266 0.99 2 P 0
L 0.715 0.7903151 0.715 0.8296852 1 P 0
L 0.7191731 1.165 0.7408266 1.165 2 P 0
L 0.7199999 1.3591733 0.7199999 1.3808268 2 P 0
L 0.72 1.2838583 0.72 1.3055118 2 P 0
L 0.7249999 0.9791733 0.7249999 1.0008268 2 P 0
L 0.7299999 1.1541733 0.7299999 1.1758268 2 P 0
L 0.7396849 1.3325985 0.7396849 1.4074016 2 P 0
L 0.7396851 1.2572835 0.7396851 1.3320866 2 P 0
L 0.7446849 0.9525985 0.7446849 1.0274016 2 P 0
L 0.7496849 1.1275985 0.7496849 1.2024016 2 P 0
L 0.7575984 0.655 0.7969685 0.655 1 P 0
L 0.7603151 1.2875984 0.7603151 1.3624015 2 P 0
L 0.7603151 1.2875984 0.7996852 1.2875984 2 P 0
L 0.7603151 1.3624015 0.7996852 1.3624015 2 P 0
L 0.7653148 1.1075985 0.7653148 1.1824016 2 P 0
L 0.7653148 1.1075985 0.8046849 1.1075985 2 P 0
L 0.7653148 1.1824016 0.8046849 1.1824016 2 P 0
L 0.7653148 1.1975985 0.7653148 1.2724016 2 P 0
L 0.7653148 1.1975985 0.8046849 1.1975985 2 P 0
L 0.7653148 1.2724016 0.8046849 1.2724016 2 P 0
L 0.7691734 1.325 0.7908269 1.325 2 P 0
L 0.7741731 1.145 0.7958266 1.145 2 P 0
L 0.7741731 1.235 0.7958266 1.235 2 P 0
L 0.7772834 0.635315 0.7772834 0.674685 1 P 0
L 0.7800001 1.3141732 0.7800001 1.3358267 2 P 0
L 0.7833858 0.8888189 0.7833858 0.9911811 2 P 0
L 0.7833858 0.8888189 0.9566142 0.8888189 2 P 0
L 0.7833858 0.9911811 0.9566142 0.9911811 2 P 0
L 0.7849999 1.1341733 0.7849999 1.1558268 2 P 0
L 0.7849999 1.2241733 0.7849999 1.2458268 2 P 0
L 0.7996852 1.2875984 0.7996852 1.3624015 2 P 0
L 0.8046849 1.1075985 0.8046849 1.1824016 2 P 0
L 0.8046849 1.1975985 0.8046849 1.2724016 2 P 0
L 0.8055512 0.7647245 0.8055512 0.8552757 2 P 0
L 0.8259449 0.7804724 0.8259449 0.8395275 2 P 0
L 0.8259449 0.7804724 0.9440552 0.7804724 2 P 0
L 0.8259449 0.8395275 0.9440552 0.8395275 2 P 0
L 0.8375985 1.2153151 0.8375985 1.2546852 2 P 0
L 0.8375985 1.2153151 0.9124016 1.2153151 2 P 0
L 0.8375985 1.2546852 0.9124016 1.2546852 2 P 0
L 0.850315 0.94 0.8896851 0.94 1 P 0
L 0.8575985 1.0003151 0.8575985 1.0396852 2 P 0
L 0.8575985 1.0003151 0.9324016 1.0003151 2 P 0
L 0.8575985 1.0396852 0.9324016 1.0396852 2 P 0
L 0.8641733 1.2350001 0.8858268 1.2350001 2 P 0
L 0.8662993 0.81 0.9037009 0.81 2 P 0
L 0.87 0.920315 0.87 0.9596851 1 P 0
L 0.875 1.2241734 0.875 1.2458269 2 P 0
L 0.8841733 1.0200001 0.9058268 1.0200001 2 P 0
L 0.8850001 0.7912992 0.8850001 0.8287007 2 P 0
L 0.895 1.0091734 0.895 1.0308269 2 P 0
L 0.901378 0.3486614 0.901378 0.4313385 2 P 0
L 0.901378 0.3486614 0.9486221 0.3486614 2 P 0
L 0.901378 0.4313385 0.9486221 0.4313385 2 P 0
L 0.9124016 1.2153151 0.9124016 1.2546852 2 P 0
L 0.9131891 0.39 0.9368111 0.39 2 P 0
L 0.9229527 0.5447638 0.9229527 0.7652362 2 P 0
L 0.9250001 0.3781889 0.9250001 0.401811 2 P 0
L 0.9280708 0.0387795 0.9280708 0.2612205 2 P 0
L 0.9280708 0.0387795 1.0619291 0.0387795 2 P 0
L 0.9280708 0.2612205 1.0619291 0.2612205 2 P 0
L 0.9324016 1.0003151 0.9324016 1.0396852 2 P 0
L 0.9388189 0.3383858 0.9388189 0.5116142 2 P 0
L 0.9388189 0.3383858 1.0411811 0.3383858 2 P 0
L 0.9388189 0.5116142 1.0411811 0.5116142 2 P 0
L 0.9392519 0.633504 0.9392519 0.6964961 2 P 0
L 0.9392519 0.633504 0.970748 0.633504 2 P 0
L 0.9392519 0.6964961 0.970748 0.6964961 2 P 0
L 0.9436615 0.921378 0.9436615 0.9686221 2 P 0
L 0.9436615 0.921378 1.0263386 0.921378 2 P 0
L 0.9436615 0.9686221 1.0263386 0.9686221 2 P 0
L 0.9440552 0.7804724 0.9440552 0.8395275 2 P 0
L 0.9441732 0.665 0.9658267 0.665 2 P 0
L 0.9486221 0.3486614 0.9486221 0.4313385 2 P 0
L 0.955 0.6541733 0.955 0.6758268 2 P 0
L 0.9553148 1.2575985 0.9553148 1.3324016 2 P 0
L 0.9553148 1.2575985 0.9946849 1.2575985 2 P 0
L 0.9553148 1.3324016 0.9946849 1.3324016 2 P 0
L 0.9553148 1.3325985 0.9553148 1.4074016 2 P 0
L 0.9553148 1.3325985 0.9946849 1.3325985 2 P 0
L 0.9553148 1.4074016 0.9946849 1.4074016 2 P 0
L 0.9566142 0.8888189 0.9566142 0.9911811 2 P 0
L 0.9603148 1.0525985 0.9603148 1.1274016 2 P 0
L 0.9603148 1.0525985 0.9996849 1.0525985 2 P 0
L 0.9603148 1.1274016 0.9996849 1.1274016 2 P 0
L 0.9603148 1.1325985 0.9603148 1.2074016 2 P 0
L 0.9603148 1.1325985 0.9996849 1.1325985 2 P 0
L 0.9603148 1.2074016 0.9996849 1.2074016 2 P 0
L 0.9641731 1.295 0.9858266 1.295 2 P 0
L 0.9641731 1.37 0.9858266 1.37 2 P 0
L 0.9691731 1.09 0.9908266 1.09 2 P 0
L 0.9691731 1.17 0.9908266 1.17 2 P 0
L 0.9703149 0.425 1.009685 0.425 1 P 0
L 0.970748 0.633504 0.970748 0.6964961 2 P 0
L 0.973189 0.9450001 0.9968111 0.9450001 2 P 0
L 0.9749999 1.2841733 0.9749999 1.3058268 2 P 0
L 0.9749999 1.3591733 0.9749999 1.3808268 2 P 0
L 0.9753149 0.15 1.014685 0.15 1 P 0
L 0.9799999 1.0791733 0.9799999 1.1008268 2 P 0
L 0.9799999 1.1591733 0.9799999 1.1808268 2 P 0
L 0.985 0.9331891 0.985 0.9568111 2 P 0
L 0.99 0.405315 0.99 0.4446851 1 P 0
L 0.9946849 1.2575985 0.9946849 1.3324016 2 P 0
L 0.9946849 1.3325985 0.9946849 1.4074016 2 P 0
L 0.995 0.1303149 0.995 0.169685 1 P 0
L 0.9996849 1.0525985 0.9996849 1.1274016 2 P 0
L 0.9996849 1.1325985 0.9996849 1.2074016 2 P 0
L 1.0263386 0.921378 1.0263386 0.9686221 2 P 0
L 1.0338189 0.3383858 1.0338189 0.5116142 2 P 0
L 1.0338189 0.3383858 1.1361811 0.3383858 2 P 0
L 1.0338189 0.5116142 1.1361811 0.5116142 2 P 0
L 1.0411811 0.3383858 1.0411811 0.5116142 2 P 0
L 1.061378 0.1836614 1.061378 0.2663385 2 P 0
L 1.061378 0.1836614 1.1086221 0.1836614 2 P 0
L 1.061378 0.2663385 1.1086221 0.2663385 2 P 0
L 1.0619291 0.0387795 1.0619291 0.2612205 2 P 0
L 1.0653149 0.425 1.104685 0.425 1 P 0
L 1.0731891 0.225 1.0968111 0.225 2 P 0
L 1.085 0.405315 1.085 0.4446851 1 P 0
L 1.0850001 0.2131889 1.0850001 0.236811 2 P 0
L 1.1086221 0.1836614 1.1086221 0.2663385 2 P 0
L 1.1361811 0.3383858 1.1361811 0.5116142 2 P 0
L 1.1686615 0.676378 1.1686615 0.7236221 2 P 0
L 1.1686615 0.676378 1.2513386 0.676378 2 P 0
L 1.1686615 0.7236221 1.2513386 0.7236221 2 P 0
L 1.198189 0.7000001 1.2218111 0.7000001 2 P 0
L 1.21 0.6881891 1.21 0.7118111 2 P 0
L 1.2513386 0.676378 1.2513386 0.7236221 2 P 0
S P 0
OB 0.049449 0.81885 I
OS 0.039449 0.81885
OS 0.039449 1.15885
OS 0.049449 1.15885
OS 0.049449 0.81885
OE
SE
S P 0
OB 0.05 1.27 I
OS 0.04 1.27
OS 0.04 1.61
OS 0.05 1.61
OS 0.05 1.27
OE
SE
S P 0
OB 0.239449 0.80385 I
OS 0.039449 0.80385
OS 0.039449 0.81885
OS 0.239449 0.81885
OS 0.239449 0.80385
OE
SE
S P 0
OB 0.239449 0.81885 I
OS 0.229449 0.81885
OS 0.229449 0.87385
OS 0.239449 0.87385
OS 0.239449 0.81885
OE
SE
S P 0
OB 0.239449 1.09885 I
OS 0.229449 1.09885
OS 0.229449 1.15885
OS 0.239449 1.15885
OS 0.239449 1.09885
OE
SE
S P 0
OB 0.239449 1.15885 I
OS 0.039449 1.15885
OS 0.039449 1.17385
OS 0.239449 1.17385
OS 0.239449 1.15885
OE
SE
S P 0
OB 0.24 1.255 I
OS 0.04 1.255
OS 0.04 1.27
OS 0.24 1.27
OS 0.24 1.255
OE
SE
S P 0
OB 0.24 1.27 I
OS 0.23 1.27
OS 0.23 1.325
OS 0.24 1.325
OS 0.24 1.27
OE
SE
S P 0
OB 0.24 1.55 I
OS 0.23 1.55
OS 0.23 1.61
OS 0.24 1.61
OS 0.24 1.55
OE
SE
S P 0
OB 0.24 1.61 I
OS 0.04 1.61
OS 0.04 1.625
OS 0.24 1.625
OS 0.24 1.61
OE
SE
S P 0
OB 1.065 0.81885 I
OS 1.055 0.81885
OS 1.055 0.87885
OS 1.065 0.87885
OS 1.065 0.81885
OE
SE
S P 0
OB 1.065 1.10385 I
OS 1.055 1.10385
OS 1.055 1.15885
OS 1.065 1.15885
OS 1.065 1.10385
OE
SE
S P 0
OB 1.07 1.27 I
OS 1.06 1.27
OS 1.06 1.33
OS 1.07 1.33
OS 1.07 1.27
OE
SE
S P 0
OB 1.07 1.555 I
OS 1.06 1.555
OS 1.06 1.61
OS 1.07 1.61
OS 1.07 1.555
OE
SE
S P 0
OB 1.255 0.80385 I
OS 1.055 0.80385
OS 1.055 0.81885
OS 1.255 0.81885
OS 1.255 0.80385
OE
SE
S P 0
OB 1.255 0.81885 I
OS 1.245 0.81885
OS 1.245 1.15885
OS 1.255 1.15885
OS 1.255 0.81885
OE
SE
S P 0
OB 1.255 1.15885 I
OS 1.055 1.15885
OS 1.055 1.17385
OS 1.255 1.17385
OS 1.255 1.15885
OE
SE
S P 0
OB 1.26 1.255 I
OS 1.06 1.255
OS 1.06 1.27
OS 1.26 1.27
OS 1.26 1.255
OE
SE
S P 0
OB 1.26 1.27 I
OS 1.25 1.27
OS 1.25 1.61
OS 1.26 1.61
OS 1.26 1.27
OE
SE
S P 0
OB 1.26 1.61 I
OS 1.06 1.61
OS 1.06 1.625
OS 1.26 1.625
OS 1.26 1.61
OE
SE
S P 0
OB 1.356102 0.406265 I
OS 1.273425 0.406265
OS 1.273425 0.461383
OS 1.356102 0.461383
OS 1.356102 0.406265
OE
SE
