#Layer_Color=32768
#
#Feature symbol names
#
$0 r1.9685

#
#Feature attribute names
#

#
#Layer features
#
L 0.9124072 0.6335488 0.9326053 0.578055 0 P 0
L 0.9124072 0.6335488 1.0233946 0.6739449 0 P 0
L 0.9326053 0.578055 1.0435927 0.6184513 0 P 0
L 0.9604269 0.619604 0.9955729 0.632396 0 P 0
L 0.9716039 0.643573 0.984396 0.6084271 0 P 0
L 1.0233946 0.6739449 1.0435927 0.6184513 0 P 0
L 1.1679398 1.4574389 1.2163149 1.4913115 0 P 0
L 1.1679398 1.4574389 1.235685 1.3606886 0 P 0
L 1.2106811 1.4152737 1.2413188 1.4367263 0 P 0
L 1.2152735 1.4413189 1.2367263 1.4106812 0 P 0
L 1.2163149 1.4913115 1.2840602 1.3945612 0 P 0
L 1.235685 1.3606886 1.2840602 1.3945612 0 P 0
L 1.5984724 0.0609448 1.5984724 0.1790551 0 P 0
L 1.5984724 0.0609448 1.6575275 0.0609448 0 P 0
L 1.5984724 0.1790551 1.6575276 0.1790551 0 P 0
L 1.6092992 0.1199999 1.6467006 0.1199999 0 P 0
L 1.628 0.1387007 1.6280001 0.1012991 0 P 0
L 1.6575275 0.0609448 1.6575276 0.1790551 0 P 0
L 1.9749008 1.3926206 2.0260441 1.363093 0 P 0
L 1.9749008 1.3926206 2.033956 1.494907 0 P 0
L 2.0138048 1.4383505 2.0461954 1.4196497 0 P 0
L 2.0206496 1.4128047 2.0393504 1.4451955 0 P 0
L 2.0260441 1.363093 2.0850993 1.4653795 0 P 0
L 2.033956 1.494907 2.0850993 1.4653795 0 P 0
L 2.2053148 0.6067631 2.2205997 0.663806 0 P 0
L 2.2053148 0.6067631 2.3194006 0.576194 0 P 0
L 2.2205997 0.663806 2.3346852 0.6332368 0 P 0
L 2.2519365 0.6248402 2.2880637 0.6151599 0 P 0
L 2.26516 0.6019365 2.2748402 0.6380634 0 P 0
L 2.3194006 0.576194 2.3346852 0.6332368 0 P 0
