#Layer_Color=9474304
#
#Feature symbol names
#
$0 r5

#
#Feature attribute names
#

#
#Layer features
#
L 0.9279032 0.5947277 0.9279032 0.6347277 0 P 0
L 0.9279032 0.5947277 0.9679032 0.5947277 0 P 0
L 0.9279032 0.6347277 0.9679032 0.6347277 0 P 0
L 0.9679032 0.5947277 0.9679032 0.6347277 0 P 0
L 1.0641385 0.6657696 1.0641385 0.7057696 0 P 0
L 1.0641385 0.6657696 1.1041385 0.6657696 0 P 0
L 1.0641385 0.7057696 1.1041385 0.7057696 0 P 0
L 1.1041385 0.6657696 1.1041385 0.7057696 0 P 0
L 1.1327406 0.5969298 1.1327406 0.6369298 0 P 0
L 1.1327406 0.5969298 1.1727406 0.5969298 0 P 0
L 1.1327406 0.6369298 1.1727406 0.6369298 0 P 0
L 1.1501385 0.7537696 1.1501385 0.7937696 0 P 0
L 1.1501385 0.7537696 1.1901385 0.7537696 0 P 0
L 1.1501385 0.7937696 1.1901385 0.7937696 0 P 0
L 1.1727406 0.5969298 1.1727406 0.6369298 0 P 0
L 1.1874345 1.4313 1.1874345 1.4713 0 P 0
L 1.1874345 1.4313 1.2274345 1.4313 0 P 0
L 1.1874345 1.4713 1.2274345 1.4713 0 P 0
L 1.1901385 0.7537696 1.1901385 0.7937696 0 P 0
L 1.2274345 1.4313 1.2274345 1.4713 0 P 0
L 1.2341384 0.8457695 1.2341384 0.8857695 0 P 0
L 1.2341384 0.8457695 1.2741384 0.8457695 0 P 0
L 1.2341384 0.8857695 1.2741384 0.8857695 0 P 0
L 1.2567219 1.2241905 1.2567219 1.2641905 0 P 0
L 1.2567219 1.2241905 1.2967219 1.2241905 0 P 0
L 1.2567219 1.2641905 1.2967219 1.2641905 0 P 0
L 1.257 0.576 1.257 0.616 0 P 0
L 1.257 0.576 1.297 0.576 0 P 0
L 1.257 0.616 1.297 0.616 0 P 0
L 1.2741384 0.8457695 1.2741384 0.8857695 0 P 0
L 1.279242 1.336146 1.279242 1.376146 0 P 0
L 1.279242 1.336146 1.319242 1.336146 0 P 0
L 1.279242 1.376146 1.319242 1.376146 0 P 0
L 1.2797223 1.1021907 1.2797223 1.1421907 0 P 0
L 1.2797223 1.1021907 1.3197223 1.1021907 0 P 0
L 1.2797223 1.1421907 1.3197223 1.1421907 0 P 0
L 1.2967219 1.2241905 1.2967219 1.2641905 0 P 0
L 1.297 0.576 1.297 0.616 0 P 0
L 1.2997223 0.9811907 1.2997223 1.0211907 0 P 0
L 1.2997223 0.9811907 1.3397223 0.9811907 0 P 0
L 1.2997223 1.0211907 1.3397223 1.0211907 0 P 0
L 1.319242 1.336146 1.319242 1.376146 0 P 0
L 1.3197223 1.1021907 1.3197223 1.1421907 0 P 0
L 1.3397223 0.9811907 1.3397223 1.0211907 0 P 0
L 1.3779528 0.5554892 1.3779528 0.5954892 0 P 0
L 1.3779528 0.5554892 1.4179528 0.5554892 0 P 0
L 1.3779528 0.5954892 1.4179528 0.5954892 0 P 0
L 1.387242 1.277146 1.387242 1.317146 0 P 0
L 1.387242 1.277146 1.427242 1.277146 0 P 0
L 1.387242 1.317146 1.427242 1.317146 0 P 0
L 1.4179528 0.5554892 1.4179528 0.5954892 0 P 0
L 1.427242 1.277146 1.427242 1.317146 0 P 0
L 1.4788742 0.4254849 1.4788742 0.4654849 0 P 0
L 1.4788742 0.4254849 1.5188742 0.4254849 0 P 0
L 1.4788742 0.4654849 1.5188742 0.4654849 0 P 0
L 1.494242 1.213146 1.494242 1.253146 0 P 0
L 1.494242 1.213146 1.534242 1.213146 0 P 0
L 1.494242 1.253146 1.534242 1.253146 0 P 0
L 1.5188742 0.4254849 1.5188742 0.4654849 0 P 0
L 1.532 0.314 1.532 0.354 0 P 0
L 1.532 0.314 1.572 0.314 0 P 0
L 1.532 0.354 1.572 0.354 0 P 0
L 1.534242 1.213146 1.534242 1.253146 0 P 0
L 1.552 0.223 1.552 0.263 0 P 0
L 1.552 0.223 1.592 0.223 0 P 0
L 1.552 0.263 1.592 0.263 0 P 0
L 1.572 0.314 1.572 0.354 0 P 0
L 1.592 0.223 1.592 0.263 0 P 0
L 1.607 0.031 1.607 0.071 0 P 0
L 1.607 0.031 1.647 0.031 0 P 0
L 1.607 0.071 1.647 0.071 0 P 0
L 1.608 0.247 1.608 0.287 0 P 0
L 1.608 0.247 1.648 0.247 0 P 0
L 1.608 0.287 1.648 0.287 0 P 0
L 1.6149999 0.1689999 1.6149999 0.2089999 0 P 0
L 1.6149999 0.1689999 1.6549999 0.1689999 0 P 0
L 1.6149999 0.2089999 1.6549999 0.2089999 0 P 0
L 1.647 0.031 1.647 0.071 0 P 0
L 1.648 0.247 1.648 0.287 0 P 0
L 1.6549999 0.1689999 1.6549999 0.2089999 0 P 0
L 1.6572515 1.1786499 1.6572515 1.2186499 0 P 0
L 1.6572515 1.1786499 1.6972515 1.1786499 0 P 0
L 1.6572515 1.2186499 1.6972515 1.2186499 0 P 0
L 1.6662597 0.2772518 1.6662597 0.3172518 0 P 0
L 1.6662597 0.2772518 1.7062597 0.2772518 0 P 0
L 1.6662597 0.3172518 1.7062597 0.3172518 0 P 0
L 1.6972515 1.1786499 1.6972515 1.2186499 0 P 0
L 1.7062597 0.2772518 1.7062597 0.3172518 0 P 0
L 1.7182597 0.3882518 1.7182597 0.4282518 0 P 0
L 1.7182597 0.3882518 1.7582597 0.3882518 0 P 0
L 1.7182597 0.4282518 1.7582597 0.4282518 0 P 0
L 1.7582597 0.3882518 1.7582597 0.4282518 0 P 0
L 1.7622515 1.2406499 1.7622515 1.2806499 0 P 0
L 1.7622515 1.2406499 1.8022515 1.2406499 0 P 0
L 1.7622515 1.2806499 1.8022515 1.2806499 0 P 0
L 1.7692597 0.4982518 1.7692597 0.5382518 0 P 0
L 1.7692597 0.4982518 1.8092597 0.4982518 0 P 0
L 1.7692597 0.5382518 1.8092597 0.5382518 0 P 0
L 1.8022515 1.2406499 1.8022515 1.2806499 0 P 0
L 1.8092597 0.4982518 1.8092597 0.5382518 0 P 0
L 1.8682515 1.30165 1.8682515 1.34165 0 P 0
L 1.8682515 1.30165 1.9082515 1.30165 0 P 0
L 1.8682515 1.34165 1.9082515 1.34165 0 P 0
L 1.9038971 0.5695928 1.9038971 0.6095928 0 P 0
L 1.9038971 0.5695928 1.9438971 0.5695928 0 P 0
L 1.9038971 0.6095928 1.9438971 0.6095928 0 P 0
L 1.9082515 1.30165 1.9082515 1.34165 0 P 0
L 1.9210703 1.0447407 1.9210703 1.0847407 0 P 0
L 1.9210703 1.0447407 1.9610703 1.0447407 0 P 0
L 1.9210703 1.0847407 1.9610703 1.0847407 0 P 0
L 1.9420702 1.1667406 1.9420702 1.2067406 0 P 0
L 1.9420702 1.1667406 1.9820702 1.1667406 0 P 0
L 1.9420702 1.2067406 1.9820702 1.2067406 0 P 0
L 1.9438971 0.5695928 1.9438971 0.6095928 0 P 0
L 1.9537695 0.8748616 1.9537695 0.9148616 0 P 0
L 1.9537695 0.8748616 1.9937695 0.8748616 0 P 0
L 1.9537695 0.9148616 1.9937695 0.9148616 0 P 0
L 1.9610703 1.0447407 1.9610703 1.0847407 0 P 0
L 1.9640706 1.2877406 1.9640706 1.3277406 0 P 0
L 1.9640706 1.2877406 2.0040706 1.2877406 0 P 0
L 1.9640706 1.3277406 2.0040706 1.3277406 0 P 0
L 1.9820702 1.1667406 1.9820702 1.2067406 0 P 0
L 1.9937695 0.8748616 1.9937695 0.9148616 0 P 0
L 2.0040706 1.2877406 2.0040706 1.3277406 0 P 0
L 2.0257481 1.4362764 2.0257481 1.4762764 0 P 0
L 2.0257481 1.4362764 2.0657481 1.4362764 0 P 0
L 2.0257481 1.4762764 2.0657481 1.4762764 0 P 0
L 2.0258971 0.5875928 2.0258971 0.6275928 0 P 0
L 2.0258971 0.5875928 2.0658971 0.5875928 0 P 0
L 2.0258971 0.6275928 2.0658971 0.6275928 0 P 0
L 2.0407695 0.7908616 2.0407695 0.8308616 0 P 0
L 2.0407695 0.7908616 2.0807695 0.7908616 0 P 0
L 2.0407695 0.8308616 2.0807695 0.8308616 0 P 0
L 2.0657481 1.4362764 2.0657481 1.4762764 0 P 0
L 2.0658971 0.5875928 2.0658971 0.6275928 0 P 0
L 2.0807695 0.7908616 2.0807695 0.8308616 0 P 0
L 2.1237696 0.7068615 2.1237696 0.7468615 0 P 0
L 2.1237696 0.7068615 2.1637696 0.7068615 0 P 0
L 2.1237696 0.7468615 2.1637696 0.7468615 0 P 0
L 2.146897 0.6045928 2.146897 0.6445928 0 P 0
L 2.146897 0.6045928 2.186897 0.6045928 0 P 0
L 2.146897 0.6445928 2.186897 0.6445928 0 P 0
L 2.1637696 0.7068615 2.1637696 0.7468615 0 P 0
L 2.186897 0.6045928 2.186897 0.6445928 0 P 0
L 2.2804229 0.5918482 2.2804229 0.6318482 0 P 0
L 2.2804229 0.5918482 2.3204229 0.5918482 0 P 0
L 2.2804229 0.6318482 2.3204229 0.6318482 0 P 0
L 2.3204229 0.5918482 2.3204229 0.6318482 0 P 0
