#Layer_Color=16711935
#
#Feature symbol names
#
$0 r2

#
#Feature attribute names
#

#
#Layer features
#
A 0.8787364 0.6068139 0.8788002 0.6033537 0.9207633 0.6058585 0 P 0 N
A 0.8788 0.6033537 0.8833801 0.5865128 0.9215462 0.6059358 0 P 0 N
A 0.8789418 0.6101045 0.8787363 0.6068139 0.9202516 0.605873 0 P 0 N
A 0.8794962 0.6138283 0.8789419 0.6101046 0.9198891 0.6059113 0 P 0 N
A 0.8833802 0.5865128 0.8854903 0.582833 0.921194 0.6057514 0 P 0 N
A 0.8844255 0.6267632 0.8794962 0.6138282 0.919494 0.6059925 0 P 0 N
A 0.8854357 0.628385 0.8844255 0.6267632 0.9201787 0.6056185 0 P 0 N
A 0.8854903 0.5828329 0.8874216 0.5800741 0.9208596 0.6055369 0 P 0 N
A 0.886306 0.6296614 0.8854358 0.628385 0.92063 0.6053241 0 P 0 N
A 0.8871132 0.6307617 0.886306 0.6296614 0.9210674 0.605006 0 P 0 N
A 0.8874216 0.580074 0.889458 0.5776033 0.9205092 0.6052709 0 P 0 N
A 0.8878391 0.631692 0.8871131 0.6307618 0.9211908 0.6049132 0 P 0 N
A 0.8885325 0.6325337 0.8878392 0.631692 0.9216412 0.6045604 0 P 0 N
A 0.8891862 0.6332895 0.8885326 0.6325337 0.922193 0.6040854 0 P 0 N
A 0.889458 0.5776034 0.8918856 0.5751011 0.9201781 0.6049777 0 P 0 N
A 0.8898619 0.6340358 0.8891861 0.6332895 0.9217272 0.6045016 0 P 0 N
A 0.8904892 0.6346994 0.8898619 0.6340358 0.9220985 0.6041909 0 P 0 N
A 0.8918855 0.5751011 0.8987239 0.569878 0.9198214 0.6045882 0 P 0 N
A 0.8987239 0.5698781 0.9028266 0.5676961 0.9198445 0.6046419 0 P 0 N
A 0.9028265 0.567696 0.9049139 0.5668032 0.9200556 0.6050924 0 P 0 N
A 0.9049138 0.5668032 0.9065285 0.5662032 0.9202336 0.6055568 0 P 0 N
A 0.9065284 0.5662032 0.9079055 0.5657502 0.9202578 0.6056202 0 P 0 N
A 0.9079055 0.5657502 0.9091219 0.5653929 0.9204514 0.6062124 0 P 0 N
A 0.9091219 0.5653929 0.9102635 0.565093 0.9205737 0.6066625 0 P 0 N
A 0.9102636 0.5650931 0.9113256 0.5648438 0.920645 0.6069304 0 P 0 N
A 0.9113256 0.5648437 0.9123039 0.5646388 0.9207941 0.6076169 0 P 0 N
A 0.9123039 0.5646388 0.9131948 0.5644721 0.9209655 0.6084653 0 P 0 N
A 0.9131947 0.5644721 0.9141959 0.5643072 0.9209279 0.6083044 0 P 0 N
A 1.1500165 1.4810618 1.1500252 1.4797691 1.1924519 1.480701 0 P 0 N
A 1.1500252 1.4797691 1.1500686 1.4785662 1.1930126 1.4807178 0 P 0 N
A 1.1500552 1.482539 1.1500165 1.4810617 1.1919258 1.480703 0 P 0 N
A 1.1500686 1.4785661 1.1501383 1.4774557 1.1930807 1.4807086 0 P 0 N
A 1.1501384 1.4774558 1.1502273 1.4764399 1.1936317 1.48075 0 P 0 N
A 1.1501689 1.4842911 1.1500552 1.4825391 1.1915299 1.4807276 0 P 0 N
A 1.1502272 1.4764398 1.1503281 1.4755207 1.1946298 1.4808493 0 P 0 N
A 1.1503281 1.4755207 1.1504492 1.474597 1.1944106 1.4808303 0 P 0 N
A 1.1504457 1.4866847 1.1501689 1.4842911 1.1911784 1.4807615 0 P 0 N
A 1.1504492 1.474597 1.1505903 1.473669 1.1955054 1.480973 0 P 0 N
A 1.1558905 1.5018819 1.1504457 1.4866847 1.190741 1.4808218 0 P 0 N
A 1.1576854 1.5046092 1.1558905 1.5018819 1.1915203 1.4803874 0 P 0 N
A 1.1598544 1.5073854 1.1576853 1.5046092 1.1918164 1.4801774 0 P 0 N
A 1.1629503 1.5106543 1.1598545 1.5073855 1.1921794 1.4798717 0 P 0 N
A 1.1762393 1.5192409 1.1629503 1.5106542 1.1924088 1.47964 0 P 0 N
A 1.1769119 0.6893203 1.1771279 0.6858239 1.2165763 0.6900158 0 P 0 N
A 1.1769847 0.6925005 1.1769119 0.6893203 1.2161474 0.6900131 0 P 0 N
A 1.1771278 0.6858238 1.180267 0.6739755 1.2171776 0.690095 0 P 0 N
A 1.1773308 0.6957632 1.1769847 0.6925005 1.2157303 0.6900402 0 P 0 N
A 1.1783197 0.7004111 1.1773308 0.6957632 1.2153738 0.6900983 0 P 0 N
A 1.1793758 1.5203765 1.1762392 1.5192408 1.1920887 1.4803667 0 P 0 N
A 1.1802671 0.6739755 1.1826285 0.6693931 1.2170364 0.690024 0 P 0 N
A 1.1815369 0.7083739 1.1783198 0.7004111 1.2152252 0.6901317 0 P 0 N
A 1.1823386 1.5211988 1.1793759 1.5203765 1.1919588 1.4807894 0 P 0 N
A 1.1826081 0.7102293 1.1815369 0.708374 1.2157213 0.689872 0 P 0 N
A 1.1826285 0.6693931 1.184561 0.6664713 1.2166526 0.6897964 0 P 0 N
A 1.183488 0.7115962 1.1826082 0.7102292 1.2159091 0.6897634 0 P 0 N
A 1.1842715 0.712718 1.183488 0.7115962 1.2162658 0.6895377 0 P 0 N
A 1.184561 0.6664712 1.186534 0.663976 1.2163617 0.689589 0 P 0 N
A 1.184988 0.7136765 1.1842715 0.7127181 1.2167142 0.6892133 0 P 0 N
A 1.1854567 1.5218154 1.1823386 1.521199 1.1918719 1.4811688 0 P 0 N
A 1.1856805 0.7145494 1.184988 0.7136765 1.2168452 0.6891143 0 P 0 N
A 1.1863415 0.7153392 1.1856805 0.7145494 1.2171406 0.6888915 0 P 0 N
A 1.186534 0.6639761 1.1888349 0.6615202 1.2160688 0.6893411 0 P 0 N
A 1.1869644 0.7160481 1.1863415 0.7153392 1.2178221 0.6883058 0 P 0 N
A 1.1875429 0.7166786 1.1869644 0.7160482 1.2180732 0.6880861 0 P 0 N
A 1.1881386 0.7173018 1.1875429 0.7166787 1.2177578 0.6883887 0 P 0 N
A 1.1888349 0.6615202 1.1962218 0.6558668 1.2156531 0.688909 0 P 0 N
A 1.1893642 1.5222402 1.1854567 1.5218153 1.1918094 1.48157 0 P 0 N
A 1.1962218 0.6558668 1.199645 0.6540796 1.2156963 0.6889956 0 P 0 N
A 1.1996449 0.6540796 1.2016142 0.6532392 1.2158594 0.6893448 0 P 0 N
A 1.2012795 1.5211834 1.1893641 1.5222403 1.191789 1.4818838 0 P 0 N
A 1.2016142 0.6532391 1.2031375 0.6526742 1.2160175 0.6897394 0 P 0 N
A 1.2031375 0.6526742 1.2044368 0.6522476 1.2160335 0.6897597 0 P 0 N
A 1.2031524 1.5206849 1.2012795 1.5211833 1.1917099 1.4814542 0 P 0 N
A 1.2044368 0.6522475 1.2055844 0.6519112 1.2162894 0.6905617 0 P 0 N
A 1.2046483 1.5202182 1.2031524 1.5206849 1.1915541 1.4808787 0 P 0 N
A 1.2055845 0.6519112 1.2066616 0.6516288 1.216256 0.690418 0 P 0 N
A 1.2059546 1.5197595 1.2046484 1.5202182 1.1913898 1.4803715 0 P 0 N
A 1.2066616 0.6516287 1.2076636 0.6513941 1.2165235 0.6914928 0 P 0 N
A 1.2070715 1.5193284 1.2059546 1.5197594 1.1913108 1.4801486 0 P 0 N
A 1.2076636 0.6513942 1.2085866 0.6512012 1.2165478 0.691587 0 P 0 N
A 1.2080927 1.5189024 1.2070715 1.5193286 1.1912852 1.4800671 0 P 0 N
A 1.2085866 0.6512012 1.2094271 0.6510443 1.216658 0.6921095 0 P 0 N
A 1.2090188 1.518489 1.2080928 1.5189023 1.1909378 1.4792237 0 P 0 N
A 1.2094271 0.6510442 1.2103718 0.650889 1.2166347 0.691964 0 P 0 N
A 1.2099419 1.5180507 1.2090187 1.518489 1.1908367 1.4790005 0 P 0 N
A 1.2107702 1.5176348 1.2099419 1.5180507 1.1908799 1.4790544 0 P 0 N
A 1.2115044 1.5172478 1.2107702 1.5176348 1.1907897 1.4788387 0 P 0 N
A 1.2156323 0.9686441 1.2269491 1.0045786 1.1856224 0.9978443 0 P 0 N
A 1.3351177 1.197704 1.3351259 1.1964869 1.3751677 1.1973659 0 P 0 N
A 1.3351259 1.1964868 1.3351667 1.1953543 1.3754175 1.1973714 0 P 0 N
A 1.3351543 1.199095 1.3351177 1.197704 1.3747075 1.1973595 0 P 0 N
A 1.3351667 1.1953543 1.3352327 1.1943087 1.3758981 1.1974005 0 P 0 N
A 1.3352327 1.1943088 1.3353165 1.1933525 1.3762295 1.1974195 0 P 0 N
A 1.3352614 1.2007445 1.3351543 1.1990949 1.3740761 1.1973962 0 P 0 N
A 1.3353165 1.1933524 1.3354117 1.1924871 1.3767076 1.197469 0 P 0 N
A 1.3354117 1.1924871 1.3355258 1.1916175 1.3770915 1.1975136 0 P 0 N
A 1.3355227 1.2029981 1.3352615 1.2007445 1.3737994 1.1974184 0 P 0 N
A 1.3355257 1.1916174 1.335659 1.1907436 1.3774089 1.1975597 0 P 0 N
A 1.3404402 1.2169383 1.3355227 1.2029981 1.3733968 1.1974752 0 P 0 N
A 1.3420575 1.2194563 1.3404402 1.2169384 1.3741136 1.1970878 0 P 0 N
A 1.3439086 1.2219009 1.3420575 1.2194563 1.3744319 1.1968654 0 P 0 N
A 1.3463513 1.2246154 1.3439086 1.2219008 1.3747588 1.196597 0 P 0 N
A 1.3614467 1.2342567 1.3463513 1.2246154 1.3750698 1.1962888 0 P 0 N
A 1.3643717 1.235177 1.3614467 1.2342567 1.374749 1.1970862 0 P 0 N
A 1.3668191 0.9004339 1.3774963 0.9342666 1.3386404 0.9279279 0 P 0 N
A 1.3672868 1.2358525 1.3643716 1.235177 1.3746331 1.1975206 0 P 0 N
A 1.3705182 1.2363315 1.3672869 1.2358525 1.374563 1.197907 0 P 0 N
A 1.3843673 1.2352553 1.3705181 1.2363316 1.3745289 1.1983005 0 P 0 N
A 1.3859567 1.2347971 1.3843674 1.2352553 1.3744013 1.1977018 0 P 0 N
A 1.3872786 1.2343596 1.3859566 1.234797 1.3742271 1.1971251 0 P 0 N
A 1.3884218 1.2339395 1.3872787 1.2343597 1.3742748 1.1972194 0 P 0 N
A 1.3894741 1.233517 1.3884217 1.2339395 1.3741148 1.1967806 0 P 0 N
A 1.3904364 1.2331005 1.3894742 1.2335171 1.3737111 1.1957858 0 P 0 N
A 1.3912185 0.472523 1.3597465 0.4960919 1.3534127 0.4548372 0 P 0 N
A 1.3913083 1.2326972 1.3904363 1.2331005 1.3740569 1.1965413 0 P 0 N
A 1.3920909 1.2323142 1.3913083 1.2326972 1.3739461 1.1962292 0 P 0 N
A 1.3928712 1.2319119 1.3920909 1.2323142 1.3732216 1.1947584 0 P 0 N
A 1.3935625 1.2315381 1.3928712 1.231912 1.3733026 1.1949057 0 P 0 N
A 1.4836086 0.5914894 1.4539153 0.6136798 1.4479692 0.5747614 0 P 0 N
A 1.5893024 0.0496302 1.5896788 0.0488776 1.6303224 0.0696752 0 P 0 N
A 1.5896788 0.0488776 1.5901158 0.0480457 1.6293036 0.0691619 0 P 0 N
A 1.5901158 0.0480457 1.5905669 0.0472293 1.6289574 0.0689747 0 P 0 N
A 1.5905669 0.0472293 1.5910843 0.0463404 1.6284008 0.0686561 0 P 0 N
A 1.5910843 0.0463404 1.5916728 0.0453848 1.6280052 0.0684189 0 P 0 N
A 1.5914191 0.3618111 1.5917741 0.3611025 1.62879 0.3800902 0 P 0 N
A 1.5916728 0.0453848 1.5923372 0.0443691 1.6273377 0.0679891 0 P 0 N
A 1.5917741 0.3611025 1.5921865 0.3603191 1.6288112 0.3800971 0 P 0 N
A 1.5921865 0.3603191 1.5926122 0.3595505 1.6289627 0.3801859 0 P 0 N
A 1.5923371 0.0443691 1.5930827 0.0432999 1.6275096 0.0681018 0 P 0 N
A 1.5926122 0.3595505 1.5931003 0.3587137 1.6276547 0.3794298 0 P 0 N
A 1.5930828 0.0432999 1.5940362 0.0420285 1.6269551 0.067707 0 P 0 N
A 1.5931003 0.3587136 1.5936556 0.357814 1.6282938 0.3798165 0 P 0 N
A 1.5936556 0.3578141 1.5942825 0.3568577 1.6274382 0.3792742 0 P 0 N
A 1.5940363 0.0420284 1.5952175 0.0405827 1.6264536 0.0673116 0 P 0 N
A 1.5942825 0.3568576 1.5950411 0.3557747 1.6269943 0.378966 0 P 0 N
A 1.5950411 0.3557747 1.5959428 0.3545807 1.6269311 0.3789193 0 P 0 N
A 1.5952176 0.0405828 1.6054091 0.0320243 1.6259878 0.066877 0 P 0 N
A 1.5959428 0.3545807 1.5971201 0.3531534 1.6263726 0.3784813 0 P 0 N
A 1.5971201 0.3531534 1.6055697 0.345874 1.6259886 0.378119 0 P 0 N
A 1.6054089 0.0320243 1.6086693 0.0302928 1.626179 0.0671989 0 P 0 N
A 1.6055697 0.345874 1.6087559 0.3440634 1.6261262 0.3783395 0 P 0 N
A 1.6065689 1.2984045 1.6469447 1.2984044 1.6267569 1.3348365 0 P 0 N
A 1.6077099 1.1131592 1.6458039 1.1131592 1.6267569 1.147615 0 P 0 N
A 1.6086693 0.0302928 1.611536 0.0290632 1.6263804 0.0676246 0 P 0 N
A 1.6087559 0.3440634 1.611433 0.3428317 1.6263212 0.3787177 0 P 0 N
A 1.611433 0.3428318 1.6141014 0.3418366 1.6264662 0.3790648 0 P 0 N
A 1.6115359 0.0290631 1.6144748 0.0280557 1.6265391 0.0680416 0 P 0 N
A 1.6141015 0.3418365 1.6170765 0.3409758 1.6266018 0.3794718 0 P 0 N
A 1.6144748 0.0280557 1.6179163 0.0271741 1.6266399 0.0683872 0 P 0 N
A 1.6170764 0.3409758 1.6325638 0.3402174 1.6267599 0.380209 0 P 0 N
A 1.6179163 0.0271741 1.6302038 0.0263891 1.6267576 0.069006 0 P 0 N
A 1.6302038 0.0263891 1.6355974 0.0271741 1.6267775 0.0688521 0 P 0 N
A 1.6325638 0.3402173 1.6364372 0.3409756 1.6268072 0.379894 0 P 0 N
A 1.6355973 0.0271741 1.6390388 0.0280558 1.6268731 0.0683882 0 P 0 N
A 1.6364372 0.3409756 1.6394122 0.3418364 1.6269002 0.3795067 0 P 0 N
A 1.6390388 0.0280558 1.6420632 0.0290962 1.6270069 0.0679482 0 P 0 N
A 1.6394122 0.3418365 1.6420807 0.3428317 1.627037 0.3790932 0 P 0 N
A 1.6420632 0.0290961 1.6450104 0.0303721 1.6271493 0.0675847 0 P 0 N
A 1.6420806 0.3428317 1.6448353 0.3441028 1.6271854 0.3787328 0 P 0 N
A 1.6448353 0.3441028 1.6543366 0.3509567 1.6275076 0.3781362 0 P 0 N
A 1.6450104 0.0303721 1.6563282 0.0384416 1.627504 0.066897 0 P 0 N
A 1.6543366 0.3509567 1.6562729 0.3530147 1.6273664 0.3782719 0 P 0 N
A 1.6562729 0.3530147 1.6574556 0.3544347 1.6271912 0.378439 0 P 0 N
A 1.6563282 0.0384416 1.6581688 0.0404347 1.6273091 0.0670867 0 P 0 N
A 1.6574557 0.3544347 1.6583619 0.355623 1.6268182 0.3787386 0 P 0 N
A 1.6581688 0.0404347 1.6593555 0.0418731 1.6270431 0.0673226 0 P 0 N
A 1.6583618 0.355623 1.6591246 0.3567008 1.6263932 0.3790572 0 P 0 N
A 1.6591246 0.3567008 1.6597552 0.3576528 1.6260838 0.3792717 0 P 0 N
A 1.6593555 0.0418731 1.6603137 0.0431383 1.6266445 0.0676427 0 P 0 N
A 1.6597552 0.3576527 1.6603139 0.3585484 1.6259356 0.3793701 0 P 0 N
A 1.6603137 0.0431383 1.6610634 0.0442024 1.626215 0.0679585 0 P 0 N
A 1.660314 0.3585485 1.6608053 0.3593817 1.6256719 0.3795368 0 P 0 N
A 1.6608053 0.3593817 1.6612338 0.3601471 1.6253186 0.3797511 0 P 0 N
A 1.6610635 0.0442023 1.6617319 0.0452135 1.6258804 0.068186 0 P 0 N
A 1.6612337 0.3601471 1.6616489 0.3609272 1.6246991 0.3800928 0 P 0 N
A 1.6616489 0.3609271 1.6620067 0.3616328 1.6240834 0.3804197 0 P 0 N
A 1.6617319 0.0452136 1.6623239 0.0461649 1.6252632 0.0685687 0 P 0 N
A 1.6620066 0.3616328 1.6623961 0.3624407 1.6246381 0.3801465 0 P 0 N
A 1.6623238 0.0461649 1.6628447 0.0470499 1.6251955 0.0686137 0 P 0 N
A 1.6628448 0.0470498 1.663299 0.0478628 1.6253766 0.0685156 0 P 0 N
A 1.6632989 0.0478628 1.6637391 0.0486913 1.6244681 0.0690236 0 P 0 N
A 1.663739 0.0486913 1.6641181 0.049441 1.6243093 0.0691004 0 P 0 N
A 1.6641181 0.049441 1.6645311 0.0502989 1.6241049 0.069232 0 P 0 N
A 1.7995985 0.6136797 1.7699051 0.5914895 1.8055444 0.5747615 0 P 0 N
A 1.8607291 1.2319576 1.8599512 1.231538 1.8799644 1.1953662 0 P 0 N
A 1.8615095 1.2323578 1.8607291 1.2319576 1.8798124 1.1957056 0 P 0 N
A 1.8622925 1.2327387 1.8615095 1.2323578 1.879722 1.1959143 0 P 0 N
A 1.8631648 1.2331395 1.8622925 1.2327387 1.8793079 1.196856 0 P 0 N
A 1.864127 1.2335535 1.8631648 1.2331395 1.8796956 1.1960412 0 P 0 N
A 1.8651798 1.2339731 1.8641271 1.2335535 1.8795615 1.1963617 0 P 0 N
A 1.8663231 1.2343906 1.8651798 1.2339732 1.8794579 1.1966388 0 P 0 N
A 1.8676453 1.2348243 1.8663231 1.2343905 1.8792591 1.1971941 0 P 0 N
A 1.8692347 1.2352785 1.8676453 1.2348243 1.8791022 1.1977407 0 P 0 N
A 1.8714447 1.235791 1.8692348 1.2352785 1.8790756 1.1978618 0 P 0 N
A 1.8760174 0.9342665 1.8866947 0.9004339 1.9148736 0.9279281 0 P 0 N
A 1.8862267 1.2358525 1.8714446 1.235791 1.8789919 1.1982716 0 P 0 N
A 1.8891421 1.2351771 1.8862268 1.2358526 1.8788801 1.1975174 0 P 0 N
A 1.892067 1.2342567 1.889142 1.235177 1.8787806 1.1971367 0 P 0 N
A 1.8937672 0.4960919 1.8622953 0.4725229 1.900101 0.4548374 0 P 0 N
A 1.8954454 1.2328704 1.892067 1.2342567 1.8786332 1.1967089 0 P 0 N
A 1.909605 1.2219009 1.8954455 1.2328704 1.8784396 1.1962958 0 P 0 N
A 1.911456 1.2194562 1.909605 1.2219008 1.8791682 1.1969316 0 P 0 N
A 1.9130734 1.2169384 1.911456 1.2194562 1.8794936 1.1971456 0 P 0 N
A 1.9146121 1.2140568 1.9130734 1.2169384 1.8798158 1.1973281 0 P 0 N
A 1.9178547 1.1907436 1.9179741 1.1915204 1.8760701 1.1975638 0 P 0 N
A 1.917974 1.1915205 1.9180902 1.1923907 1.8774711 1.1973718 0 P 0 N
A 1.9180901 1.1923906 1.9181874 1.1932565 1.8771902 1.1974249 0 P 0 N
A 1.9181875 1.1932566 1.9182737 1.1942135 1.8777593 1.1973808 0 P 0 N
A 1.91826 1.2006534 1.9146121 1.2140568 1.8801547 1.1974807 0 P 0 N
A 1.9182737 1.1942134 1.9183421 1.1952596 1.8783189 1.197351 0 P 0 N
A 1.9183421 1.1952596 1.9183856 1.1963928 1.8787239 1.1973479 0 P 0 N
A 1.9183635 1.1990026 1.91826 1.2006534 1.8793529 1.1973854 0 P 0 N
A 1.9183856 1.1963929 1.9183966 1.1976108 1.8788664 1.1973588 0 P 0 N
A 1.9183966 1.1976107 1.9183635 1.1990026 1.8789922 1.19737 0 P 0 N
A 2.0265645 1.0045785 2.0378813 0.968644 2.0678916 0.9978444 0 P 0 N
A 2.0423761 1.5174434 2.0415515 1.5169978 2.0630412 1.478216 0 P 0 N
A 2.0431419 0.6508891 2.0439926 0.6510279 2.0367131 0.6929576 0 P 0 N
A 2.0432032 1.5178684 2.042376 1.5174433 2.0630968 1.4781403 0 P 0 N
A 2.0439925 0.651028 2.0448342 0.6511831 2.0368458 0.6921733 0 P 0 N
A 2.044033 1.518273 2.0432033 1.5178684 2.0627183 1.4789027 0 P 0 N
A 2.0448342 0.6511829 2.0457583 0.651374 2.0369146 0.6918096 0 P 0 N
A 2.0449577 1.5186988 2.044033 1.5182731 2.0625398 1.47929 0 P 0 N
A 2.0457583 0.6513742 2.0467616 0.6516067 2.0370643 0.6911676 0 P 0 N
A 2.0459776 1.5191386 2.0449577 1.5186988 2.0625367 1.4793353 0 P 0 N
A 2.0467616 0.6516066 2.0478401 0.6518867 2.0370286 0.691299 0 P 0 N
A 2.0470934 1.5195841 2.0459776 1.5191385 2.06238 1.4796855 0 P 0 N
A 2.0478401 0.6518867 2.0489892 0.6522206 2.0372785 0.6903783 0 P 0 N
A 2.0483052 1.5200274 2.0470934 1.5195841 2.0620239 1.4806482 0 P 0 N
A 2.0489892 0.6522206 2.0502902 0.6526445 2.037407 0.6899763 0 P 0 N
A 2.0497065 1.5204883 2.0483052 1.5200274 2.0620124 1.4807128 0 P 0 N
A 2.0502902 0.6526445 2.0518158 0.6532062 2.0375619 0.6895677 0 P 0 N
A 2.0513911 1.5209706 2.0497065 1.5204883 2.0618821 1.481144 0 P 0 N
A 2.0518158 0.6532062 2.0537881 0.6540427 2.0376506 0.6893483 0 P 0 N
A 2.0536397 1.5214959 2.0513911 1.5209706 2.0618282 1.4813673 0 P 0 N
A 2.0537882 0.6540427 2.0611511 0.6584635 2.037876 0.6888865 0 P 0 N
A 2.061151 0.6584635 2.064739 0.6615793 2.0377684 0.6890135 0 P 0 N
A 2.0647391 0.6615792 2.0669798 0.663976 2.0374883 0.6893023 0 P 0 N
A 2.0660358 0.716609 2.0653751 0.7173018 2.0354086 0.6880623 0 P 0 N
A 2.0666125 0.7159777 2.0660359 0.716609 2.0351678 0.6878351 0 P 0 N
A 2.0669797 0.663976 2.0689526 0.6664714 2.0372318 0.6895227 0 P 0 N
A 2.0672333 0.7152678 2.0666125 0.7159776 2.0364456 0.6889669 0 P 0 N
A 2.067892 0.7144771 2.0672333 0.7152678 2.0365636 0.6890484 0 P 0 N
A 2.068582 0.7136033 2.067892 0.7144772 2.0369506 0.6893376 0 P 0 N
A 2.0689526 0.6664714 2.0708852 0.6693931 2.036864 0.6897966 0 P 0 N
A 2.0692958 0.7126437 2.068582 0.7136032 2.0373286 0.6896076 0 P 0 N
A 2.0694902 1.5215631 2.0536397 1.5214959 2.0617333 1.4818295 0 P 0 N
A 2.0700764 0.7115209 2.0692958 0.7126437 2.0371787 0.6894823 0 P 0 N
A 2.0708852 0.6693931 2.0755123 0.6807433 2.0363372 0.6900953 0 P 0 N
A 2.0709525 0.7101526 2.0700764 0.7115209 2.0377497 0.689858 0 P 0 N
A 2.0720189 0.7082958 2.0709525 0.7101527 2.0377555 0.6898534 0 P 0 N
A 2.0724909 1.5208628 2.0694902 1.521563 2.0616122 1.4810277 0 P 0 N
A 2.0736761 0.7048079 2.0720189 0.7082958 2.0382077 0.6900935 0 P 0 N
A 2.0755062 1.5199157 2.0724909 1.5208628 2.0615159 1.480648 0 P 0 N
A 2.0755123 0.6807434 2.0763857 0.6858238 2.0364973 0.6900663 0 P 0 N
A 2.0761702 0.6958467 2.0736762 0.704808 2.0382734 0.6901272 0 P 0 N
A 2.0763857 0.6858237 2.0766019 0.6893202 2.036966 0.6900161 0 P 0 N
A 2.0765289 0.6925005 2.0761703 0.6958467 2.0377344 0.6900347 0 P 0 N
A 2.0766018 0.6893202 2.0765288 0.6925004 2.0373389 0.6900099 0 P 0 N
A 2.0789268 1.518526 2.0755063 1.5199157 2.0613723 1.4802219 0 P 0 N
A 2.0846594 1.5153451 2.0789268 1.518526 2.0611445 1.4797227 0 P 0 N
A 2.0924617 1.5087334 2.0846594 1.5153452 2.0611026 1.4796374 0 P 0 N
A 2.0949105 1.5058427 2.0924617 1.5087332 2.0615162 1.480034 0 P 0 N
A 2.0968012 1.5031888 2.0949105 1.5058428 2.0619323 1.4803488 0 P 0 N
A 2.0985291 1.500302 2.0968012 1.5031888 2.0622112 1.480525 0 P 0 N
A 2.1003509 1.4965032 2.0985291 1.500302 2.0626157 1.4807427 0 P 0 N
A 2.1029886 1.474082 2.1031208 1.4750082 2.059219 1.4808019 0 P 0 N
A 2.1031208 1.4750081 2.1032329 1.4759297 2.0594977 1.4807819 0 P 0 N
A 2.1032288 1.4854461 2.1003509 1.4965033 2.062838 1.4808365 0 P 0 N
A 2.1032329 1.4759298 2.1033339 1.4769485 2.060226 1.4807077 0 P 0 N
A 2.103334 1.4769486 2.1034108 1.4779614 2.0595898 1.480775 0 P 0 N
A 2.1034107 1.4779613 2.1034674 1.4790684 2.061158 1.4806803 0 P 0 N
A 2.1034107 1.4834181 2.1032288 1.4854461 2.0624614 1.4807673 0 P 0 N
A 2.1034674 1.4790685 2.1034974 1.4803671 2.0612415 1.4806936 0 P 0 N
A 2.1034855 1.4817531 2.1034107 1.4834181 2.0616979 1.4807106 0 P 0 N
A 2.1034974 1.480367 2.1034855 1.481753 2.0616039 1.4807004 0 P 0 N
A 2.3398197 0.5643871 2.340716 0.5645442 2.3325161 0.6086845 0 P 0 N
A 2.340716 0.5645441 2.3417004 0.5647386 2.3328324 0.607033 0 P 0 N
A 2.3417005 0.5647385 2.3427693 0.5649765 2.3328365 0.6070633 0 P 0 N
A 2.3427692 0.5649766 2.3439182 0.5652645 2.3329328 0.6066703 0 P 0 N
A 2.3439182 0.5652645 2.3451427 0.5656088 2.3329702 0.6065591 0 P 0 N
A 2.3451428 0.5656087 2.3465294 0.5660473 2.3331039 0.6060781 0 P 0 N
A 2.3465294 0.5660473 2.3481554 0.5666306 2.3332816 0.6055387 0 P 0 N
A 2.3481553 0.5666305 2.3501723 0.5674631 2.3334994 0.6049943 0 P 0 N
A 2.3501723 0.567463 2.3586921 0.5725741 2.333706 0.6045676 0 P 0 N
A 2.3586921 0.5725742 2.3621445 0.5755987 2.3335738 0.6047287 0 P 0 N
A 2.3621446 0.5755987 2.3644672 0.5780723 2.3332716 0.6050377 0 P 0 N
A 2.363583 0.63411 2.3628827 0.6348458 2.3309367 0.6037432 0 P 0 N
A 2.364261 0.6333646 2.363583 0.63411 2.3311904 0.6039634 0 P 0 N
A 2.3644671 0.5780722 2.3664649 0.5805712 2.3329461 0.6053195 0 P 0 N
A 2.3649167 0.6326097 2.364261 0.6333646 2.3324995 0.6051146 0 P 0 N
A 2.3656124 0.631769 2.3649167 0.6326098 2.3320203 0.6046822 0 P 0 N
A 2.3663413 0.6308398 2.3656125 0.631769 2.3323724 0.6049484 0 P 0 N
A 2.3664649 0.5805712 2.3684008 0.583432 2.3326348 0.6055494 0 P 0 N
A 2.3671515 0.6297404 2.3663413 0.6308397 2.3329605 0.6053894 0 P 0 N
A 2.3680252 0.6284653 2.3671514 0.6297404 2.333102 0.6054701 0 P 0 N
A 2.3684008 0.583432 2.3740834 0.5981759 2.3319586 0.6059444 0 P 0 N
A 2.3689912 0.6269267 2.3680253 0.6284654 2.3335622 0.6057591 0 P 0 N
A 2.3701879 0.6247817 2.3689911 0.6269266 2.3337511 0.6058572 0 P 0 N
A 2.3740833 0.5981759 2.3746721 0.602735 2.3322912 0.6058908 0 P 0 N
A 2.3746149 0.60966 2.3701879 0.6247818 2.3339804 0.6059729 0 P 0 N
A 2.3746721 0.602735 2.3747862 0.6062806 2.3327066 0.6058601 0 P 0 N
A 2.3747862 0.6062805 2.3746149 0.6096599 2.3331226 0.6058628 0 P 0 N
L 0.8904892 0.6346995 0.8906311 0.6348459 0 P 0
L 0.8906311 0.6348459 1.2156324 0.9686441 0 P 0
L 0.914196 0.5643072 1.3597465 0.496092 0 P 0
L 1.1505903 1.4736691 1.2269492 1.0045786 0 P 0
L 1.1881386 0.7173018 1.3668191 0.9004339 0 P 0
L 1.2103718 0.6508891 1.4539153 0.6136799 0 P 0
L 1.2115045 1.5172479 1.2119622 1.5169978 0 P 0
L 1.2119622 1.5169978 1.606569 1.2984045 0 P 0
L 1.3356591 1.1907437 1.3774963 0.9342666 0 P 0
L 1.3912186 0.472523 1.5889826 0.0502989 0 P 0
L 1.3935626 1.2315381 1.6077099 1.1131593 0 P 0
L 1.4836087 0.5914895 1.5911174 0.3624406 0 P 0
L 1.5889826 0.0502989 1.5893024 0.0496302 0 P 0
L 1.5911174 0.3624406 1.5914192 0.3618111 0 P 0
L 1.6458039 1.1131593 1.8599512 1.2315381 0 P 0
L 1.6469448 1.2984044 2.0415515 1.5169978 0 P 0
L 1.6623963 0.3624407 1.7699051 0.5914896 0 P 0
L 1.6645312 0.0502989 1.8622952 0.472523 0 P 0
L 1.7995985 0.6136799 2.043142 0.6508891 0 P 0
L 1.8760174 0.9342666 1.9178547 1.1907437 0 P 0
L 1.8866947 0.900434 2.0653752 0.7173018 0 P 0
L 1.8937672 0.496092 2.3393177 0.5643072 0 P 0
L 2.0265645 1.0045786 2.1029234 1.473669 0 P 0
L 2.0378813 0.9686441 2.3628827 0.6348459 0 P 0
L 2.1029234 1.473669 2.1029887 1.474082 0 P 0
L 2.3393177 0.5643072 2.3398198 0.564387 0 P 0
