#Layer_Color=9474304
#
#Feature symbol names
#
$0 r5

#
#Feature attribute names
#

#
#Layer features
#
L 0.055 1.765 0.065 1.765 0 P 0
L 0.06 1.76 0.06 1.77 0 P 0
L 0.0946064 0.0549212 0.1182284 0.0549212 0 P 0
L 0.0946064 0.3950787 0.1182284 0.3950787 0 P 0
L 0.1064174 0.0431102 0.1064174 0.0667322 0 P 0
L 0.1064174 0.3832677 0.1064174 0.4068897 0 P 0
L 0.13 0.778 0.14 0.778 0 P 0
L 0.135 0.773 0.135 0.783 0 P 0
L 0.140827 0.890425 0.188071 0.890425 0 P 0
L 0.140827 0.98885 0.188071 0.98885 0 P 0
L 0.140827 1.087275 0.188071 1.087275 0 P 0
L 0.141378 1.341575 0.188622 1.341575 0 P 0
L 0.141378 1.44 0.188622 1.44 0 P 0
L 0.141378 1.538425 0.188622 1.538425 0 P 0
L 0.145 1.765 0.155 1.765 0 P 0
L 0.149 1.26 0.161 1.26 0 P 0
L 0.15 1.76 0.15 1.77 0 P 0
L 0.155 1.254 0.155 1.266 0 P 0
L 0.164449 0.866803 0.164449 0.914047 0 P 0
L 0.164449 0.965228 0.164449 1.012472 0 P 0
L 0.164449 1.063653 0.164449 1.110897 0 P 0
L 0.165 0.798 0.175 0.798 0 P 0
L 0.165 1.317953 0.165 1.365197 0 P 0
L 0.165 1.416378 0.165 1.463622 0 P 0
L 0.165 1.514803 0.165 1.562047 0 P 0
L 0.17 0.793 0.17 0.803 0 P 0
L 0.1859449 0.52 0.3040551 0.52 0 P 0
L 0.194 1.23 0.206 1.23 0 P 0
L 0.2 1.224 0.2 1.236 0 P 0
L 0.23 0.095 0.24 0.095 0 P 0
L 0.23 1.08 0.24 1.08 0 P 0
L 0.235 0.09 0.235 0.1 0 P 0
L 0.235 0.995 0.245 0.995 0 P 0
L 0.235 1.075 0.235 1.085 0 P 0
L 0.235 1.135 0.245 1.135 0 P 0
L 0.235 1.765 0.245 1.765 0 P 0
L 0.2376552 0.240894 0.2476552 0.240894 0 P 0
L 0.24 0.16 0.25 0.16 0 P 0
L 0.24 0.215 0.25 0.215 0 P 0
L 0.24 0.99 0.24 1 0 P 0
L 0.24 1.13 0.24 1.14 0 P 0
L 0.24 1.76 0.24 1.77 0 P 0
L 0.2426552 0.235894 0.2426552 0.245894 0 P 0
L 0.245 0.155 0.245 0.165 0 P 0
L 0.245 0.21 0.245 0.22 0 P 0
L 0.245 0.4609449 0.245 0.5790551 0 P 0
L 0.25 0.275 0.26 0.275 0 P 0
L 0.255 0.27 0.255 0.28 0 P 0
L 0.2774016 0.3470472 0.2874016 0.3470472 0 P 0
L 0.2824016 0.3420472 0.2824016 0.3520472 0 P 0
L 0.284 0.85 0.296 0.85 0 P 0
L 0.29 0.844 0.29 0.856 0 P 0
L 0.30563 0.0549212 0.329252 0.0549212 0 P 0
L 0.30563 0.3950787 0.329252 0.3950787 0 P 0
L 0.317441 0.0431102 0.317441 0.0667322 0 P 0
L 0.317441 0.3832677 0.317441 0.4068897 0 P 0
L 0.3553482 0.28537 0.3653482 0.28537 0 P 0
L 0.36 0.11 0.37 0.11 0 P 0
L 0.36 0.165 0.37 0.165 0 P 0
L 0.36 0.345 0.37 0.345 0 P 0
L 0.3603482 0.28037 0.3603482 0.29037 0 P 0
L 0.365 0.105 0.365 0.115 0 P 0
L 0.365 0.16 0.365 0.17 0 P 0
L 0.365 0.34 0.365 0.35 0 P 0
L 0.38 0.212 0.39 0.212 0 P 0
L 0.38 0.238 0.39 0.238 0 P 0
L 0.385 0.207 0.385 0.217 0 P 0
L 0.385 0.233 0.385 0.243 0 P 0
L 0.414 1.3702048 0.426 1.3702048 0 P 0
L 0.42 1.3642048 0.42 1.3762048 0 P 0
L 0.4248144 0.8858144 0.4368144 0.8858144 0 P 0
L 0.425 0.075 0.435 0.075 0 P 0
L 0.429 1.065 0.441 1.065 0 P 0
L 0.43 0.07 0.43 0.08 0 P 0
L 0.4308144 0.8798144 0.4308144 0.8918144 0 P 0
L 0.434 0.75 0.446 0.75 0 P 0
L 0.434 0.79 0.446 0.79 0 P 0
L 0.4347842 0.7107842 0.4467842 0.7107842 0 P 0
L 0.435 1.059 0.435 1.071 0 P 0
L 0.44 0.744 0.44 0.756 0 P 0
L 0.44 0.784 0.44 0.796 0 P 0
L 0.4407842 0.7047842 0.4407842 0.7167842 0 P 0
L 0.45 1.385 0.46 1.385 0 P 0
L 0.455 1.38 0.455 1.39 0 P 0
L 0.465 0.855 0.475 0.855 0 P 0
L 0.465 0.93 0.475 0.93 0 P 0
L 0.47 0.85 0.47 0.86 0 P 0
L 0.47 0.925 0.47 0.935 0 P 0
L 0.474 1.065 0.486 1.065 0 P 0
L 0.475 0.365 0.485 0.365 0 P 0
L 0.48 0.36 0.48 0.37 0 P 0
L 0.48 1.059 0.48 1.071 0 P 0
L 0.49 0.4 0.5 0.4 0 P 0
L 0.495 0.395 0.495 0.405 0 P 0
L 0.529 1.065 0.541 1.065 0 P 0
L 0.535 1.059 0.535 1.071 0 P 0
L 0.535 1.21 0.545 1.21 0 P 0
L 0.539 0.895 0.551 0.895 0 P 0
L 0.54 1.205 0.54 1.215 0 P 0
L 0.545 0.889 0.545 0.901 0 P 0
L 0.549 0.8125197 0.561 0.8125197 0 P 0
L 0.555 0.8065197 0.555 0.8185197 0 P 0
L 0.5799731 1.3200269 0.5899731 1.3200269 0 P 0
L 0.5849731 1.3150269 0.5849731 1.3250269 0 P 0
L 0.608852 0.696148 0.618852 0.696148 0 P 0
L 0.608852 0.726148 0.618852 0.726148 0 P 0
L 0.608852 0.756148 0.618852 0.756148 0 P 0
L 0.613852 0.691148 0.613852 0.701148 0 P 0
L 0.613852 0.721148 0.613852 0.731148 0 P 0
L 0.613852 0.751148 0.613852 0.761148 0 P 0
L 0.625 0.965 0.635 0.965 0 P 0
L 0.63 0.96 0.63 0.97 0 P 0
L 0.663852 0.681148 0.673852 0.681148 0 P 0
L 0.665 0.605 0.675 0.605 0 P 0
L 0.668852 0.676148 0.668852 0.686148 0 P 0
L 0.67 0.6 0.67 0.61 0 P 0
L 0.68 0.4 0.69 0.4 0 P 0
L 0.685 0.395 0.685 0.405 0 P 0
L 0.685 0.97 0.695 0.97 0 P 0
L 0.69 0.965 0.69 0.975 0 P 0
L 0.7 0.4287632 0.71 0.4287632 0 P 0
L 0.705 0.4237632 0.705 0.4337632 0 P 0
L 0.7192236 1.2317467 0.7292236 1.2317467 0 P 0
L 0.7242236 1.2267467 0.7242236 1.2367467 0 P 0
L 0.737 1.32 0.747 1.32 0 P 0
L 0.742 1.315 0.742 1.325 0 P 0
L 0.7516929 0.6116929 0.7595669 0.6116929 0 P 0
L 0.7516929 0.655 0.7595669 0.655 0 P 0
L 0.7516929 0.6983071 0.7595669 0.6983071 0 P 0
L 0.7556299 0.6077559 0.7556299 0.6156299 0 P 0
L 0.7556299 0.651063 0.7556299 0.658937 0 P 0
L 0.7556299 0.6943701 0.7556299 0.7022441 0 P 0
L 0.775 1.1 0.785 1.1 0 P 0
L 0.775 1.375 0.785 1.375 0 P 0
L 0.78 1.095 0.78 1.105 0 P 0
L 0.78 1.37 0.78 1.38 0 P 0
L 0.795 0.6116929 0.802874 0.6116929 0 P 0
L 0.795 0.655 0.802874 0.655 0 P 0
L 0.795 0.6983071 0.802874 0.6983071 0 P 0
L 0.797 0.8643761 0.809 0.8643761 0 P 0
L 0.798937 0.6077559 0.798937 0.6156299 0 P 0
L 0.798937 0.651063 0.798937 0.658937 0 P 0
L 0.798937 0.6943701 0.798937 0.7022441 0 P 0
L 0.803 0.8583761 0.803 0.8703761 0 P 0
L 0.81 1.205 0.82 1.205 0 P 0
L 0.813 1.06 0.823 1.06 0 P 0
L 0.813 1.2546851 0.823 1.2546851 0 P 0
L 0.815 1.2 0.815 1.21 0 P 0
L 0.818 1.055 0.818 1.065 0 P 0
L 0.818 1.2496851 0.818 1.2596851 0 P 0
L 0.84 1.015 0.85 1.015 0 P 0
L 0.845 1.01 0.845 1.02 0 P 0
L 0.85 0.44 0.86 0.44 0 P 0
L 0.854 0.86 0.866 0.86 0 P 0
L 0.855 0.435 0.855 0.445 0 P 0
L 0.86 0.854 0.86 0.866 0 P 0
L 0.8716178 1.3383822 0.8816178 1.3383822 0 P 0
L 0.875 1.12 0.885 1.12 0 P 0
L 0.8766178 1.3333822 0.8766178 1.3433822 0 P 0
L 0.88 1.115 0.88 1.125 0 P 0
L 0.92 0.91 0.93 0.91 0 P 0
L 0.925 0.745 0.935 0.745 0 P 0
L 0.925 0.905 0.925 0.915 0 P 0
L 0.93 0.62 0.94 0.62 0 P 0
L 0.93 0.74 0.93 0.75 0 P 0
L 0.935 0.615 0.935 0.625 0 P 0
L 0.985 0.9 0.995 0.9 0 P 0
L 0.99 0.28 1 0.28 0 P 0
L 0.99 0.895 0.99 0.905 0 P 0
L 0.995 0.275 0.995 0.285 0 P 0
L 1.0009449 0.695 1.1190551 0.695 0 P 0
L 1.06 0.6359449 1.06 0.7540551 0 P 0
L 1.06 1.765 1.07 1.765 0 P 0
L 1.065 1.76 1.065 1.77 0 P 0
L 1.106378 0.890425 1.153622 0.890425 0 P 0
L 1.106378 0.98885 1.153622 0.98885 0 P 0
L 1.106378 1.087275 1.153622 1.087275 0 P 0
L 1.111378 1.341575 1.158622 1.341575 0 P 0
L 1.111378 1.44 1.158622 1.44 0 P 0
L 1.111378 1.538425 1.158622 1.538425 0 P 0
L 1.13 0.866803 1.13 0.914047 0 P 0
L 1.13 0.965228 1.13 1.012472 0 P 0
L 1.13 1.063653 1.13 1.110897 0 P 0
L 1.135 1.317953 1.135 1.365197 0 P 0
L 1.135 1.416378 1.135 1.463622 0 P 0
L 1.135 1.514803 1.135 1.562047 0 P 0
L 1.15 1.765 1.16 1.765 0 P 0
L 1.155 1.76 1.155 1.77 0 P 0
L 1.163189 0.3865745 1.186811 0.3865745 0 P 0
L 1.163189 0.485 1.186811 0.485 0 P 0
L 1.163189 0.583426 1.186811 0.583426 0 P 0
L 1.175 0.3747635 1.175 0.3983855 0 P 0
L 1.175 0.473189 1.175 0.496811 0 P 0
L 1.175 0.571615 1.175 0.595237 0 P 0
L 1.235 0.06 1.245 0.06 0 P 0
L 1.235 0.401 1.245 0.401 0 P 0
L 1.235 0.742 1.245 0.742 0 P 0
L 1.235 1.083 1.245 1.083 0 P 0
L 1.235 1.424 1.245 1.424 0 P 0
L 1.235 1.765 1.245 1.765 0 P 0
L 1.24 0.055 1.24 0.065 0 P 0
L 1.24 0.396 1.24 0.406 0 P 0
L 1.24 0.737 1.24 0.747 0 P 0
L 1.24 1.078 1.24 1.088 0 P 0
L 1.24 1.419 1.24 1.429 0 P 0
L 1.24 1.76 1.24 1.77 0 P 0
