#Layer_Color=16711935
#
#Feature symbol names
#
$0 r3.937

#
#Feature attribute names
#

#
#Layer features
#
A 0.8402755 0.5900394 0.8402755 0.5900394 0.8205905 0.5900394 0 P 0 N
L 0.0543307 0.5991733 0.0543307 0.6208268 0 P 0
L 0.0543307 0.5991733 0.0956693 0.5991733 0 P 0
L 0.0543307 0.6208268 0.0956693 0.6208268 0 P 0
L 0.0956693 0.5991733 0.0956693 0.6208268 0 P 0
L 0.2266929 0.6164567 0.2266929 0.6735433 0 P 0
L 0.2266929 0.6164567 0.3133071 0.6164567 0 P 0
L 0.2266929 0.6735433 0.3133071 0.6735433 0 P 0
L 0.2266929 0.7164567 0.2266929 0.7735433 0 P 0
L 0.2266929 0.7164567 0.3133071 0.7164567 0 P 0
L 0.2266929 0.7735433 0.3133071 0.7735433 0 P 0
L 0.2741734 1.1893307 0.2741734 1.2306693 0 P 0
L 0.2741734 1.1893307 0.2958269 1.1893307 0 P 0
L 0.2741734 1.2306693 0.2958269 1.2306693 0 P 0
L 0.2793307 1.0691734 0.2793307 1.0908269 0 P 0
L 0.2793307 1.0691734 0.3206693 1.0691734 0 P 0
L 0.2793307 1.0908269 0.3206693 1.0908269 0 P 0
L 0.2833464 0.8081889 0.2833464 0.8318109 0 P 0
L 0.2833464 0.8081889 0.3266535 0.8081889 0 P 0
L 0.2833464 0.8318109 0.3266535 0.8318109 0 P 0
L 0.2841731 0.9143307 0.2841731 0.9556693 0 P 0
L 0.2841731 0.9143307 0.3058266 0.9143307 0 P 0
L 0.2841731 0.9556693 0.3058266 0.9556693 0 P 0
L 0.2843307 1.1241734 0.2843307 1.1458269 0 P 0
L 0.2843307 1.1241734 0.3256693 1.1241734 0 P 0
L 0.2843307 1.1458269 0.3256693 1.1458269 0 P 0
L 0.2958269 1.1893307 0.2958269 1.2306693 0 P 0
L 0.3058266 0.9143307 0.3058266 0.9556693 0 P 0
L 0.3133071 0.6164567 0.3133071 0.6735433 0 P 0
L 0.3133071 0.7164567 0.3133071 0.7735433 0 P 0
L 0.3206693 1.0691734 0.3206693 1.0908269 0 P 0
L 0.3256693 1.1241734 0.3256693 1.1458269 0 P 0
L 0.3266535 0.8081889 0.3266535 0.8318109 0 P 0
L 0.3362992 0.9205511 0.3362992 0.9894488 0 P 0
L 0.3362992 0.9205511 0.3737007 0.9205511 0 P 0
L 0.3362992 0.9894488 0.3737007 0.9894488 0 P 0
L 0.3709843 0.5258661 0.3709843 0.7738976 0 P 0
L 0.3709843 0.5258661 0.6190158 0.5258661 0 P 0
L 0.3709843 0.7738976 0.6190158 0.7738976 0 P 0
L 0.3737007 0.9205511 0.3737007 0.9894488 0 P 0
L 0.3843307 1.3941734 0.3843307 1.4158269 0 P 0
L 0.3843307 1.3941734 0.4256693 1.3941734 0 P 0
L 0.3843307 1.4158269 0.4256693 1.4158269 0 P 0
L 0.4089764 0.9115354 0.4089764 0.9784645 0 P 0
L 0.4089764 0.9115354 0.5310236 0.9115354 0 P 0
L 0.4089764 0.9784645 0.5310236 0.9784645 0 P 0
L 0.4233464 0.3031889 0.4233464 0.3268109 0 P 0
L 0.4233464 0.3031889 0.4666535 0.3031889 0 P 0
L 0.4233464 0.3268109 0.4666535 0.3268109 0 P 0
L 0.4243307 0.2541733 0.4243307 0.2758268 0 P 0
L 0.4243307 0.2541733 0.4656693 0.2541733 0 P 0
L 0.4243307 0.2758268 0.4656693 0.2758268 0 P 0
L 0.4256693 1.3941734 0.4256693 1.4158269 0 P 0
L 0.4491731 1.2993307 0.4491731 1.3406693 0 P 0
L 0.4491731 1.2993307 0.4708266 1.2993307 0 P 0
L 0.4491731 1.3406693 0.4708266 1.3406693 0 P 0
L 0.4543307 0.0641733 0.4543307 0.0858268 0 P 0
L 0.4543307 0.0641733 0.4956693 0.0641733 0 P 0
L 0.4543307 0.0858268 0.4956693 0.0858268 0 P 0
L 0.4656693 0.2541733 0.4656693 0.2758268 0 P 0
L 0.4666535 0.3031889 0.4666535 0.3268109 0 P 0
L 0.4708266 1.2993307 0.4708266 1.3406693 0 P 0
L 0.4956693 0.0641733 0.4956693 0.0858268 0 P 0
L 0.5291731 1.2393307 0.5291731 1.2806693 0 P 0
L 0.5291731 1.2393307 0.5508266 1.2393307 0 P 0
L 0.5291731 1.2806693 0.5508266 1.2806693 0 P 0
L 0.5291734 1.1393307 0.5291734 1.1806693 0 P 0
L 0.5291734 1.1393307 0.5508269 1.1393307 0 P 0
L 0.5291734 1.1806693 0.5508269 1.1806693 0 P 0
L 0.5310236 0.9115354 0.5310236 0.9784645 0 P 0
L 0.5508266 1.2393307 0.5508266 1.2806693 0 P 0
L 0.5508269 1.1393307 0.5508269 1.1806693 0 P 0
L 0.5512993 0.9255512 0.5512993 0.9944489 0 P 0
L 0.5512993 0.9255512 0.5887008 0.9255512 0 P 0
L 0.5512993 0.9944489 0.5887008 0.9944489 0 P 0
L 0.5887008 0.9255512 0.5887008 0.9944489 0 P 0
L 0.6143307 1.2141734 0.6143307 1.2358269 0 P 0
L 0.6143307 1.2141734 0.6556693 1.2141734 0 P 0
L 0.6143307 1.2358269 0.6556693 1.2358269 0 P 0
L 0.6190158 0.5258661 0.6190158 0.7738976 0 P 0
L 0.6240157 0.9991733 0.6240157 1.0208268 0 P 0
L 0.6240157 0.9991733 0.6653543 0.9991733 0 P 0
L 0.6240157 1.0208268 0.6653543 1.0208268 0 P 0
L 0.6490551 0.7755513 0.6490551 0.8444489 0 P 0
L 0.6490551 0.7755513 0.7809449 0.7755513 0 P 0
L 0.6490551 0.8444489 0.7809449 0.8444489 0 P 0
L 0.6556693 1.2141734 0.6556693 1.2358269 0 P 0
L 0.6653543 0.9991733 0.6653543 1.0208268 0 P 0
L 0.6985433 0.5546063 0.6985433 0.7553937 0 P 0
L 0.6985433 0.5546063 0.8560236 0.5546063 0 P 0
L 0.6985433 0.7553937 0.8560236 0.7553937 0 P 0
L 0.7091731 1.3493307 0.7091731 1.3906693 0 P 0
L 0.7091731 1.3493307 0.7308266 1.3493307 0 P 0
L 0.7091731 1.3906693 0.7308266 1.3906693 0 P 0
L 0.7091733 1.2740158 0.7091733 1.3153544 0 P 0
L 0.7091733 1.2740158 0.7308268 1.2740158 0 P 0
L 0.7091733 1.3153544 0.7308268 1.3153544 0 P 0
L 0.7141731 0.9693307 0.7141731 1.0106693 0 P 0
L 0.7141731 0.9693307 0.7358266 0.9693307 0 P 0
L 0.7141731 1.0106693 0.7358266 1.0106693 0 P 0
L 0.7191731 1.1443307 0.7191731 1.1856693 0 P 0
L 0.7191731 1.1443307 0.7408266 1.1443307 0 P 0
L 0.7191731 1.1856693 0.7408266 1.1856693 0 P 0
L 0.7308266 1.3493307 0.7308266 1.3906693 0 P 0
L 0.7308268 1.2740158 0.7308268 1.3153544 0 P 0
L 0.7358266 0.9693307 0.7358266 1.0106693 0 P 0
L 0.7408266 1.1443307 0.7408266 1.1856693 0 P 0
L 0.7691734 1.3043307 0.7691734 1.3456693 0 P 0
L 0.7691734 1.3043307 0.7908269 1.3043307 0 P 0
L 0.7691734 1.3456693 0.7908269 1.3456693 0 P 0
L 0.7741731 1.1243307 0.7741731 1.1656693 0 P 0
L 0.7741731 1.1243307 0.7958266 1.1243307 0 P 0
L 0.7741731 1.1656693 0.7958266 1.1656693 0 P 0
L 0.7741731 1.2143307 0.7741731 1.2556693 0 P 0
L 0.7741731 1.2143307 0.7958266 1.2143307 0 P 0
L 0.7741731 1.2556693 0.7958266 1.2556693 0 P 0
L 0.7809449 0.7755513 0.7809449 0.8444489 0 P 0
L 0.7908269 1.3043307 0.7908269 1.3456693 0 P 0
L 0.7958266 1.1243307 0.7958266 1.1656693 0 P 0
L 0.7958266 1.2143307 0.7958266 1.2556693 0 P 0
L 0.8266929 0.9114567 0.8266929 0.9685433 0 P 0
L 0.8266929 0.9114567 0.9133071 0.9114567 0 P 0
L 0.8266929 0.9685433 0.9133071 0.9685433 0 P 0
L 0.8505512 0.7912992 0.8505512 0.8287007 0 P 0
L 0.8505512 0.7912992 0.9194489 0.7912992 0 P 0
L 0.8505512 0.8287007 0.9194489 0.8287007 0 P 0
L 0.8543307 1.2241734 0.8543307 1.2458269 0 P 0
L 0.8543307 1.2241734 0.8956693 1.2241734 0 P 0
L 0.8543307 1.2458269 0.8956693 1.2458269 0 P 0
L 0.8560236 0.5546063 0.8560236 0.7553937 0 P 0
L 0.8743307 1.0091734 0.8743307 1.0308269 0 P 0
L 0.8743307 1.0091734 0.9156693 1.0091734 0 P 0
L 0.8743307 1.0308269 0.9156693 1.0308269 0 P 0
L 0.8956693 1.2241734 0.8956693 1.2458269 0 P 0
L 0.9131891 0.3683464 0.9131891 0.4116535 0 P 0
L 0.9131891 0.3683464 0.9368111 0.3683464 0 P 0
L 0.9131891 0.4116535 0.9368111 0.4116535 0 P 0
L 0.9133071 0.9114567 0.9133071 0.9685433 0 P 0
L 0.9156693 1.0091734 0.9156693 1.0308269 0 P 0
L 0.9194489 0.7912992 0.9194489 0.8287007 0 P 0
L 0.9368111 0.3683464 0.9368111 0.4116535 0 P 0
L 0.9379134 0.0712598 0.9379134 0.2287401 0 P 0
L 0.9379134 0.0712598 1.0520866 0.0712598 0 P 0
L 0.9379134 0.2287401 1.0520866 0.2287401 0 P 0
L 0.9441732 0.6443307 0.9441732 0.6856693 0 P 0
L 0.9441732 0.6443307 0.9658267 0.6443307 0 P 0
L 0.9441732 0.6856693 0.9658267 0.6856693 0 P 0
L 0.9614567 0.3816929 0.9614567 0.4683071 0 P 0
L 0.9614567 0.3816929 1.0185433 0.3816929 0 P 0
L 0.9614567 0.4683071 1.0185433 0.4683071 0 P 0
L 0.9633465 0.9331891 0.9633465 0.9568111 0 P 0
L 0.9633465 0.9331891 1.0066536 0.9331891 0 P 0
L 0.9633465 0.9568111 1.0066536 0.9568111 0 P 0
L 0.9641731 1.2743307 0.9641731 1.3156693 0 P 0
L 0.9641731 1.2743307 0.9858266 1.2743307 0 P 0
L 0.9641731 1.3156693 0.9858266 1.3156693 0 P 0
L 0.9641731 1.3493307 0.9641731 1.3906693 0 P 0
L 0.9641731 1.3493307 0.9858266 1.3493307 0 P 0
L 0.9641731 1.3906693 0.9858266 1.3906693 0 P 0
L 0.9658267 0.6443307 0.9658267 0.6856693 0 P 0
L 0.9691731 1.0693307 0.9691731 1.1106693 0 P 0
L 0.9691731 1.0693307 0.9908266 1.0693307 0 P 0
L 0.9691731 1.1106693 0.9908266 1.1106693 0 P 0
L 0.9691731 1.1493307 0.9691731 1.1906693 0 P 0
L 0.9691731 1.1493307 0.9908266 1.1493307 0 P 0
L 0.9691731 1.1906693 0.9908266 1.1906693 0 P 0
L 0.9858266 1.2743307 0.9858266 1.3156693 0 P 0
L 0.9858266 1.3493307 0.9858266 1.3906693 0 P 0
L 0.9908266 1.0693307 0.9908266 1.1106693 0 P 0
L 0.9908266 1.1493307 0.9908266 1.1906693 0 P 0
L 1.0066536 0.9331891 1.0066536 0.9568111 0 P 0
L 1.0185433 0.3816929 1.0185433 0.4683071 0 P 0
L 1.0520866 0.0712598 1.0520866 0.2287401 0 P 0
L 1.0564567 0.3816929 1.0564567 0.4683071 0 P 0
L 1.0564567 0.3816929 1.1135433 0.3816929 0 P 0
L 1.0564567 0.4683071 1.1135433 0.4683071 0 P 0
L 1.0731891 0.2033464 1.0731891 0.2466535 0 P 0
L 1.0731891 0.2033464 1.0968111 0.2033464 0 P 0
L 1.0731891 0.2466535 1.0968111 0.2466535 0 P 0
L 1.0968111 0.2033464 1.0968111 0.2466535 0 P 0
L 1.1135433 0.3816929 1.1135433 0.4683071 0 P 0
L 1.1883465 0.6881891 1.1883465 0.7118111 0 P 0
L 1.1883465 0.6881891 1.2316536 0.6881891 0 P 0
L 1.1883465 0.7118111 1.2316536 0.7118111 0 P 0
L 1.2316536 0.6881891 1.2316536 0.7118111 0 P 0
