#Layer_Color=9474304
#
#Feature symbol names
#
$0 r5

#
#Feature attribute names
#

#
#Layer features
#
L 0.9439032 0.6147277 0.9519032 0.6147277 0 P 0
L 0.9479032 0.6107277 0.9479032 0.6187277 0 P 0
L 1.0801385 0.6857696 1.0881385 0.6857696 0 P 0
L 1.0841385 0.6817696 1.0841385 0.6897696 0 P 0
L 1.1487406 0.6169298 1.1567406 0.6169298 0 P 0
L 1.1527406 0.6129298 1.1527406 0.6209298 0 P 0
L 1.1661385 0.7737696 1.1741385 0.7737696 0 P 0
L 1.1701385 0.7697696 1.1701385 0.7777696 0 P 0
L 1.2034345 1.4513 1.2114345 1.4513 0 P 0
L 1.2074345 1.4473 1.2074345 1.4553 0 P 0
L 1.2501384 0.8657695 1.2581384 0.8657695 0 P 0
L 1.2541384 0.8617695 1.2541384 0.8697695 0 P 0
L 1.2727219 1.2441905 1.2807219 1.2441905 0 P 0
L 1.273 0.596 1.281 0.596 0 P 0
L 1.2767219 1.2401905 1.2767219 1.2481905 0 P 0
L 1.277 0.592 1.277 0.6 0 P 0
L 1.295242 1.356146 1.303242 1.356146 0 P 0
L 1.2957223 1.1221907 1.3037223 1.1221907 0 P 0
L 1.299242 1.352146 1.299242 1.360146 0 P 0
L 1.2997223 1.1181907 1.2997223 1.1261907 0 P 0
L 1.3157223 1.0011907 1.3237223 1.0011907 0 P 0
L 1.3197223 0.9971907 1.3197223 1.0051907 0 P 0
L 1.3939528 0.5754892 1.4019528 0.5754892 0 P 0
L 1.3979528 0.5714892 1.3979528 0.5794892 0 P 0
L 1.403242 1.297146 1.411242 1.297146 0 P 0
L 1.407242 1.293146 1.407242 1.301146 0 P 0
L 1.4948742 0.4454849 1.5028742 0.4454849 0 P 0
L 1.4988742 0.4414849 1.4988742 0.4494849 0 P 0
L 1.510242 1.233146 1.518242 1.233146 0 P 0
L 1.514242 1.229146 1.514242 1.237146 0 P 0
L 1.548 0.334 1.556 0.334 0 P 0
L 1.552 0.33 1.552 0.338 0 P 0
L 1.568 0.243 1.576 0.243 0 P 0
L 1.572 0.239 1.572 0.247 0 P 0
L 1.623 0.051 1.631 0.051 0 P 0
L 1.624 0.267 1.632 0.267 0 P 0
L 1.627 0.047 1.627 0.055 0 P 0
L 1.628 0.263 1.628 0.271 0 P 0
L 1.6309999 0.1889999 1.6389999 0.1889999 0 P 0
L 1.6349999 0.1849999 1.6349999 0.1929999 0 P 0
L 1.6732515 1.1986499 1.6812515 1.1986499 0 P 0
L 1.6772515 1.1946499 1.6772515 1.2026499 0 P 0
L 1.6822597 0.2972518 1.6902597 0.2972518 0 P 0
L 1.6862597 0.2932518 1.6862597 0.3012518 0 P 0
L 1.7342597 0.4082518 1.7422597 0.4082518 0 P 0
L 1.7382597 0.4042518 1.7382597 0.4122518 0 P 0
L 1.7782515 1.2606499 1.7862515 1.2606499 0 P 0
L 1.7822515 1.2566499 1.7822515 1.2646499 0 P 0
L 1.7852597 0.5182518 1.7932597 0.5182518 0 P 0
L 1.7892597 0.5142518 1.7892597 0.5222518 0 P 0
L 1.8842515 1.32165 1.8922515 1.32165 0 P 0
L 1.8882515 1.31765 1.8882515 1.32565 0 P 0
L 1.9198971 0.5895928 1.9278971 0.5895928 0 P 0
L 1.9238971 0.5855928 1.9238971 0.5935928 0 P 0
L 1.9370703 1.0647407 1.9450703 1.0647407 0 P 0
L 1.9410703 1.0607407 1.9410703 1.0687407 0 P 0
L 1.9580702 1.1867406 1.9660702 1.1867406 0 P 0
L 1.9620702 1.1827406 1.9620702 1.1907406 0 P 0
L 1.9697695 0.8948616 1.9777695 0.8948616 0 P 0
L 1.9737695 0.8908616 1.9737695 0.8988616 0 P 0
L 1.9800706 1.3077406 1.9880706 1.3077406 0 P 0
L 1.9840706 1.3037406 1.9840706 1.3117406 0 P 0
L 2.0417481 1.4562764 2.0497481 1.4562764 0 P 0
L 2.0418971 0.6075928 2.0498971 0.6075928 0 P 0
L 2.0457481 1.4522764 2.0457481 1.4602764 0 P 0
L 2.0458971 0.6035928 2.0458971 0.6115928 0 P 0
L 2.0567695 0.8108616 2.0647695 0.8108616 0 P 0
L 2.0607695 0.8068616 2.0607695 0.8148616 0 P 0
L 2.1397696 0.7268615 2.1477696 0.7268615 0 P 0
L 2.1437696 0.7228615 2.1437696 0.7308615 0 P 0
L 2.162897 0.6245928 2.170897 0.6245928 0 P 0
L 2.166897 0.6205928 2.166897 0.6285928 0 P 0
L 2.2964229 0.6118482 2.3044229 0.6118482 0 P 0
L 2.3004229 0.6078482 2.3004229 0.6158482 0 P 0
